1 58748303
1 245430333
1 432175941
1 618864593
1 805629569
1 992310895
2147483648 2147483648
1 105317989
1 292087286
1 478735896
1 665464454
1 852189987
1 1038982266
2147483648 2147483649
1 151960759
1 338698932
1 525434059
1 712182586
1 898914306
2147483648 2147483650
1 11898610
1 198575483
1 385300676
1 572037319
1 758814140
1 945545479
2147483648 2147483651
1 58533538
1 245306249
1 432036491
1 618739916
1 805528054
1 992290824
2147483648 2147483652
1 105302452
1 292018386
1 478734102
1 665481555
1 852196951
1 1038897899
2147483648 2147483653
1 151868510
1 338570451
1 525267495
1 711981860
1 898702310
2147483648 2147483654
1 11664287
1 198430636
1 385178149
1 571854278
1 758576268
1 945295643
2147483648 2147483655
1 58227733
1 244912011
1 431668926
1 618406952
1 805197202
1 991945963
2147483648 2147483656
1 104960444
1 291735914
1 478495103
1 665304871
1 851989689
1 1038649360
2147483648 2147483657
1 151659142
1 338334537
1 525080145
1 711816532
1 898574982
2147483648 2147483658
1 11570531
1 198318379
1 384982800
1 571766163
1 758556561
1 945320468
2147483648 2147483659
1 58270121
1 245005998
1 431728774
1 618521091
1 805213521
1 991955003
2147483648 2147483660
1 104959915
1 291698985
1 478455860
1 665238902
1 851991055
1 1038743319
2147483648 2147483661
