1 576460721
2 576460729
1 697115311
2 697115319
1 973152715
2 973152722
2147483648 2147483648
1 457566447
2 457566455
2 457566594
2 457566658
2147483648 2147483649
1 313175842
2 313175850
1 327825813
2 327825821
1 382638377
2 382638385
1 839175557
2 839175565
2147483648 2147483650
2147483648 2147483651
1 165141382
2 165141390
1 415682553
2 415682561
1 745437440
2 745437447
2 745437533
1 750621487
2 750621494
1 1017903816
2 1017903823
2 1017903857
2 1017903890
2 1017904047
2147483648 2147483652
1 118833902
2 118833910
1 159421872
2 159421880
2 159422239
2 159422477
2147483648 2147483653
1 99213130
2 99213137
2 99213164
1 258683967
2 258683975
2 258684871
1 522124013
2 522124020
1 982829903
2 982829910
2147483648 2147483654
1 291636111
2 291636118
1 392422971
2 392422979
2 392426114
1 594663162
2 594663169
1 872205610
2 872205617
1 1047879361
2 1047879369
2 1047879399
2 1047879635
2147483648 2147483655
1 150206305
2 150206313
1 550686215
2 550686222
1 558276496
2 558276503
1 699544505
2 699544513
2 699544659
2 699545199
1 797659573
2 797659581
2 797659648
2 797659689
2 797659758
1 896954483
2 896954491
1 962858942
2 962858950
1 1008521495
2 1008521503
2147483648 2147483656
1 695957000
2 695957008
1 752323008
2 752323016
1 963617436
2 963617444
2147483648 2147483657
1 84317408
2 84317416
1 756908471
2 756908478
1 845078618
2 845078626
1 957293115
2 957293123
2147483648 2147483658
1 412368564
2 412368572
1 754604519
2 754604527
2 754606902
1 828453398
2 828453406
1 1018647020
2 1018647028
2 1018647053
2147483648 2147483659
1 36455881
2 36455889
1 76946377
2 76946385
1 181166646
2 181166653
1 362356514
2 362356522
1 744444096
2 744444104
2 744447330
1 891483066
2 891483074
2147483648 2147483660
1 140276905
2 140276913
2 140276940
2 140277066
1 213687796
2 213687804
1 924102569
2 924102576
1 1061063705
2 1061063713
2147483648 2147483661
1 14463272
2 14463280
1 53930721
2 53930729
1 177781492
2 177781500
1 678791469
2 678791477
2 678791502
2 678791630
1 703528191
2 703528199
1 873804528
2 873804536
2147483648 2147483662
1 86090956
2 86090964
1 393662290
2 393662297
1 403879743
2 403879751
1 700747534
2 700747542
2 700747675
1 728976575
2 728976583
2 728976613
2147483648 2147483663
1 24608771
2 24608779
1 588963993
2 588964001
2 588964052
1 761906448
2 761906456
1 766044246
2 766044254
1 799638998
2 799639006
1 856340402
2 856340410
1 967771589
2 967771597
1 997563168
2 997563176
2147483648 2147483664
1 307570017
2 307570024
2 307570083
2 307570618
1 395983846
2 395983853
1 668476694
2 668476702
1 805733724
2 805733732
1 813830357
2 813830365
1 831985922
2 831985929
1 968303401
2 968303408
1 971901378
2 971901386
1 973302194
2 973302202
2147483648 2147483665
1 182716939
2 182716947
1 218626450
2 218626458
2 218626741
1 817173852
2 817173860
2147483648 2147483666
1 288787471
2 288787478
1 389637521
2 389637528
1 533193718
2 533193726
2 533193753
2 533193902
2147483648 2147483667
1 28062116
2 28062123
2 28063406
1 62170506
2 62170513
2 62170544
2 62170632
2 62170749
2 62170846
1 210130993
2 210131001
1 408620625
2 408620633
1 415718591
2 415718599
1 583941295
2 583941302
2 583941388
1 598950531
2 598950539
1 789688059
2 789688067
1 852040477
2 852040485
2147483648 2147483668
1 25322761
2 25322768
1 189386837
2 189386845
2 189386900
1 270858019
2 270858027
1 343630299
2 343630306
2 343630464
1 387325905
2 387325912
2147483648 2147483669
1 53333039
2 53333046
1 557186925
2 557186933
1 678820641
2 678820648
1 1059742459
2 1059742467
2147483648 2147483670
1 531800378
2 531800386
1 649147487
2 649147495
1 762848151
2 762848158
2147483648 2147483671
1 19193214
2 19193221
1 168120646
2 168120654
2 168121142
2 168121264
1 263304224
2 263304232
1 324176349
2 324176356
1 330190189
2 330190196
1 979350980
2 979350988
1 1045089023
2 1045089031
2 1045089165
1 1045776160
2 1045776168
2147483648 2147483672
1 101438441
2 101438449
1 296692987
2 296692994
1 725433282
2 725433290
2 725433314
2 725433369
2147483648 2147483673
1 310531263
2 310531271
1 553951383
2 553951391
2 553951447
2 553951504
2 553951610
1 974977233
2 974977241
1 987217332
2 987217340
2147483648 2147483674
1 67516017
2 67516025
2 67516997
1 109489779
2 109489786
1 420750094
2 420750101
1 799586781
2 799586789
2 799586920
2 799587041
2147483648 2147483675
1 13027148
2 13027156
2 13027605
1 99249466
2 99249473
1 377496156
2 377496164
1 633678908
2 633678915
2147483648 2147483676
1 90350175
2 90350183
1 472049466
2 472049474
2147483648 2147483677
1 265734419
2 265734427
1 402226132
2 402226140
1 983237511
2 983237519
2147483648 2147483678
1 96019679
2 96019687
2 96019711
1 434370359
2 434370367
1 560678800
2 560678808
1 685844804
2 685844811
1 770508406
2 770508414
2 770508562
2 770509053
1 794752683
2 794752691
2 794752868
1 803570175
2 803570183
1 1037857179
2 1037857187
2 1037860628
2147483648 2147483679
1 270071872
2 270071880
1 463308618
2 463308626
2 463308910
1 475858897
2 475858905
1 504694348
2 504694356
1 956525944
2 956525952
1 1032757781
2 1032757789
2147483648 2147483680
1 13798836
2 13798844
2 13799945
1 332017063
2 332017070
1 332509006
2 332509014
2147483648 2147483681
1 12858751
2 12858759
1 87050128
2 87050136
1 694742642
2 694742650
2 694742682
2 694742789
2147483648 2147483682
1 136908187
2 136908194
1 470042820
2 470042828
1 480749764
2 480749772
2 480749829
2 480749938
1 501081238
2 501081246
1 820877966
2 820877974
1 1003509107
2 1003509114
1 1064051896
2 1064051904
2 1064052068
2 1064053618
2147483648 2147483683
1 9681754
2 9681762
2 9684564
1 165228940
2 165228947
2147483648 2147483684
1 260177789
2 260177797
2 260177830
1 324628365
2 324628373
1 517878041
2 517878049
2 517878540
1 670803549
2 670803557
1 948764536
2 948764544
2147483648 2147483685
1 271939169
2 271939177
1 380792725
2 380792733
1 530704807
2 530704814
1 561076620
2 561076628
1 755231898
2 755231906
1 1018809063
2 1018809071
2147483648 2147483686
1 698846176
2 698846184
2 698846914
1 920910675
2 920910683
2147483648 2147483687
1 77105754
2 77105762
2 77105888
2 77105922
1 478344563
2 478344571
1 885743970
2 885743978
1 904182443
2 904182451
1 962248716
2 962248724
2 962248872
2147483648 2147483688
1 259443722
2 259443730
1 338087565
2 338087572
2 338088170
1 469410839
2 469410847
1 592013544
2 592013552
1 911632134
2 911632170
1 923720214
2 923720222
2 923720394
1 944883295
2 944883302
2147483648 2147483689
1 287397792
2 287397799
1 650104305
2 650104313
2 650104340
1 769576383
2 769576391
1 991098579
2 991098586
2 991098719
2147483648 2147483690
1 696478608
1 987246208
2 987246216
2147483648 2147483691
1 23217116
2 23217124
1 81852285
2 81852293
1 151293941
2 151293949
1 567619791
2 567619799
1 657908223
2 657908230
1 983394079
2 983394087
2147483648 2147483692
1 406249800
2 406249808
1 723131088
2 723131096
1 1018449375
2 1018449382
2147483648 2147483693
1 92678027
2 92678035
2 92678061
1 237400562
2 237400570
1 318736613
2 318736621
1 584354717
2 584354725
2 584354756
1 689589759
2 689589767
1 791942173
2 791942181
1 926148767
2 926148775
1 991487820
2 991487827
2 991488118
2147483648 2147483694
1 110948419
2 110948427
1 274945114
2 274945121
2 274945814
1 553955520
2 553955527
1 855830819
2 855830827
2 855830852
2147483648 2147483695
1 401845412
2 401845420
1 507659628
2 507659636
1 567565634
2 567565641
1 788227996
2 788228004
1 888681333
2 888681340
1 940221995
2 940222003
2147483648 2147483696
1 127744461
2 127744469
1 570052176
2 570052184
1 889293428
2 889293436
2 889293572
1 939176713
2 939176720
1 974973110
2 974973118
2147483648 2147483697
1 516007464
2 516007471
2 516007650
2 516010927
1 719494007
2 719494015
2147483648 2147483698
1 359874463
2 359874471
1 403679642
2 403679650
1 616405455
2 616405463
1 623899407
2 623899415
2147483648 2147483699
1 168490459
2 168490466
1 169401871
2 169401879
1 310093499
2 310093507
1 355978009
2 355978016
1 893191476
2 893191484
2147483648 2147483700
1 426433008
2 426433015
1 445486331
2 445486339
1 629413231
2 629413239
2147483648 2147483701
1 26643590
2 26643598
2 26643654
1 130407912
2 130407920
1 448699605
2 448699613
1 499855134
2 499855141
2 499855169
2147483648 2147483702
1 95395540
2 95395548
1 212512300
2 212512308
1 343059670
2 343059678
