1 112876700
1 299705514
1 486517831
1 673281729
1 860121098
1 1046933290
2147483648 2147483648
1 159956142
1 346821498
1 533564827
1 720370882
1 907193123
2147483648 2147483649
1 20297000
1 207114739
1 393837931
1 580659606
1 767497612
1 954364120
2147483648 2147483650
1 67375625
1 254220707
1 440997193
1 627809582
1 814599683
1 1001449108
2147483648 2147483651
1 114526667
1 301348950
1 488093169
1 674914543
1 861659963
1 1048498874
2147483648 2147483652
1 161503291
1 348303163
1 535047013
1 721872398
1 908715866
2147483648 2147483653
1 21802169
1 208601244
1 395344320
1 582153318
1 768953957
1 955700583
2147483648 2147483654
1 68708882
1 255514252
1 442316828
1 629144863
1 815905939
1 1002731319
2147483648 2147483655
1 115795577
1 302585001
1 489329649
1 676109621
1 862932995
1 1049811215
2147483648 2147483656
1 162819273
1 349615767
1 536366167
1 723213479
1 909955220
2147483648 2147483657
1 23045746
1 209791675
1 396645701
1 583391482
1 770200149
1 956950970
2147483648 2147483658
1 70035059
1 256850194
1 443652397
1 630503374
1 817320950
1 1004132315
2147483648 2147483659
1 117147770
1 303945746
1 490673239
1 677409686
1 864187913
1 1050957422
2147483648 2147483660
1 163950928
1 350697201
1 537440162
1 724231083
1 911064954
2147483648 2147483661
1 24159463
1 210965969
1 397804963
1 584604250
1 771431063
1 958277701
2147483648 2147483662
1 71263518
1 258025807
1 444874547
1 631706603
1 818507562
1 1005343247
2147483648 2147483663
1 118416200
1 305161309
1 491986494
1 678728805
1 865509246
1 1052268852
2147483648 2147483664
1 165324520
1 352136520
1 538957035
1 725808402
1 912654766
2147483648 2147483665
1 25774104
1 212614960
1 399387181
1 586257836
1 773020338
1 959786683
2147483648 2147483666
1 72868371
1 259689570
1 446453510
1 633310751
1 820166711
1 1006990286
2147483648 2147483667
1 120152603
1 306961087
1 493769742
1 680596119
1 867422357
1 1054233649
2147483648 2147483668
1 167333092
1 354164290
1 541009159
1 727856299
1 914625259
2147483648 2147483669
1 27725751
1 214584654
1 401452695
1 588299112
1 775120490
1 961922202
2147483648 2147483670
1 75041101
1 261901337
1 448741531
1 635592569
1 822370282
1 1009196664
2147483648 2147483671
1 122304673
1 309139854
1 496011356
1 682871845
1 869648345
1 1056502307
2147483648 2147483672
1 169604864
1 356457287
1 543243838
1 730077301
1 916977581
2147483648 2147483673
1 29994400
1 216831883
1 403645279
1 590497915
1 777335132
1 964117598
2147483648 2147483674
1 77222959
1 263997745
1 450767318
1 637545930
1 824381202
1 1011268968
2147483648 2147483675
1 124387751
1 311248276
1 498066990
1 684925172
1 871819252
1 1058602235
2147483648 2147483676
1 171648721
1 358486899
1 545346192
1 732241751
1 919111150
2147483648 2147483677
1 32230087
1 219068351
1 405918717
1 592762887
1 779622538
1 966384799
2147483648 2147483678
1 79522626
1 266372316
1 453220551
1 640104563
1 826953040
1 1013793243
2147483648 2147483679
1 126912628
1 313808722
1 500604174
1 687388799
1 874178938
1 1061035219
2147483648 2147483680
1 174090144
1 360887981
