1 300446745
1 829236171
1 843797657
6 843797665
2147483648 2147483648
1 784015488
6 784015495
16 784015496
16 784015515
2 784015517
2147483648 2147483649
1 168745135
4 168745142
2 168745143
1 530170619
2147483648 2147483650
1 169780519
22 169780527
16 169780534
2 169780536
1 522943746
1 724084336
1 856190235
22 856190243
16 856190291
2 856190293
2147483648 2147483651
1 609549904
6 609549912
16 609549913
16 609549922
2 609549924
2147483648 2147483652
1 38807117
1 49378754
6 49378762
1 695856007
1 829530038
10 829530046
1 1065429510
6 1065429518
16 1065429519
16 1065429528
2 1065429530
2147483648 2147483653
1 22965798
42 22965806
1 250859717
6 250859725
16 250859726
1 521859837
2147483648 2147483654
1 28375970
1 60878209
1 85698666
1 122307596
22 122307604
1 431967269
6 431967277
1 482517987
6 482517995
1 992622890
6 992622898
16 992622902
2147483648 2147483655
1 65987091
1 173894048
46 173894056
16 173894064
1 704261765
1 778137061
1 808669781
6 808669789
16 808669790
1 835936134
2 835936142
8 835936143
1 872630403
6 872630411
2147483648 2147483656
1 115709950
6 115709958
1 135800777
1 603343315
1 1054335821
6 1054335829
16 1054335830
16 1054335839
2 1054335841
2147483648 2147483657
1 45382104
42 45382112
1 233336868
8 233337666
2 233337669
1 235815149
2 235815156
40 235815157
1 380582177
6 380582185
2147483648 2147483658
1 9688041
2 9688049
8 9688050
1 199862757
1 398033072
1 418870864
1 647957814
2 647957822
16 647957823
1 812310932
2147483648 2147483659
1 96042989
6 96042997
1 583083375
6 583083383
16 583083388
1 922405436
2 922405444
8 922405445
1 1051939660
6 1051939668
16 1051939669
16 1051939677
2147483648 2147483660
1 113954749
6 113954757
1 457005993
1 464879600
1 510041898
1 723549279
6 723549287
16 723549288
2147483648 2147483661
1 184487224
6 184487232
4 184488104
2 184488107
1 425116468
1 435181375
1 444299005
1 586959571
1 709205869
2 709205877
16 709205878
16 709205882
2 709205884
1 850624316
6 850624324
1 855838587
2147483648 2147483662
1 647207268
6 647207276
16 647207277
16 647207285
2 647207287
1 722641683
1 785756345
6 785756353
1 1058397008
6 1058397016
2147483648 2147483663
1 736728341
1 792424959
42 792424967
2147483648 2147483664
1 174112798
1 225704332
1 878046272
1 905905987
10 905905995
1 1053599598
6 1053599606
1 1071890300
2147483648 2147483665
1 163877795
6 163877803
16 163877804
1 932268709
6 932268717
2147483648 2147483666
1 180967994
1 367585125
1 754006477
1 759752938
6 759752946
16 759752950
1 814956046
6 814956054
16 814956055
2147483648 2147483667
1 497062509
6 497062516
16 497062517
16 497062523
1 1005853330
6 1005853338
16 1005853339
2147483648 2147483668
1 591018439
22 591018447
16 591018458
2 591018460
1 672095811
1 1036386700
4 1036386707
2 1036386708
2147483648 2147483669
1 284239967
2147483648 2147483670
1 209654803
6 209654811
1 642389461
1 916153617
2 916153625
16 916153626
16 916153635
2 916153637
2147483648 2147483671
1 121079488
1 264052083
6 264052091
1 577175469
2147483648 2147483672
1 29563203
6 29563211
16 29563212
1 954212269
6 954212277
16 954212278
2147483648 2147483673
1 134836925
6 134836933
2147483648 2147483674
1 372682076
6 372682084
1 1001827883
2147483648 2147483675
1 304248534
1 1072270146
2 1072270153
8 1072270154
2147483648 2147483676
1 136831082
4 136831089
2 136831090
1 670536537
6 670536545
2147483648 2147483677
1 797915914
1 945114268
6 945114276
16 945114277
2147483648 2147483678
1 86225749
1 106046473
2 106046481
40 106046482
1 269881547
1 866559192
6 866559200
16 866559204
1 1037951890
6 1037951898
16 1037951899
16 1037951904
1 1041921011
2147483648 2147483679
1 169612832
1 220001064
6 220001072
1 395797320
1 410745766
22 410745774
16 410745779
2147483648 2147483680
1 162674919
1 298117070
1 403712272
22 403712280
1 581325779
6 581325787
16 581325788
16 581325796
2 581325798
2147483648 2147483681
1 528288173
6 528288181
16 528288182
16 528288187
1 529341154
6 529341162
16 529341163
1 901673105
6 901673113
1 978421438
6 978421445
4 978421889
2 978421892
2147483648 2147483682
1 27755969
10 27755977
1 417486006
2 417486014
8 417486015
1 473263211
6 473263219
16 473263220
16 473263231
2 473263233
1 911503878
1 935580741
6 935580749
16 935580750
16 935580759
2 935580761
1 979253082
2147483648 2147483683
1 134282079
32 134282087
1 539684756
2 539684764
40 539684765
1 647280995
2 647281003
8 647281004
1 793110224
22 793110232
1 1040059981
6 1040059989
16 1040059990
2147483648 2147483684
1 297055330
42 297055338
1 898784537
2 898784545
40 898784546
1 1058825201
2147483648 2147483685
1 101430255
6 101430263
16 101430264
16 101430268
1 145430259
1 368502220
6 368502228
1 408957416
6 408957424
1 831082047
6 831082055
2147483648 2147483686
1 41968401
1 121225741
1 355941542
22 355941550
16 355941558
2 355941560
1 447626159
2147483648 2147483687
1 926757423
16 926757433
2 926757435
2147483648 2147483688
1 74056699
1 135041118
4 135041125
2 135041126
20 135041389
2 135041391
16 135041400
2 135041402
16 135041412
2 135041415
16 135044167
2 135044169
1 135979625
1 530086227
6 530086235
1 909068057
1 974367022
2147483648 2147483689
1 360347539
4 360347547
48 360347548
4 360347560
18 360347563
32 360347564
1 777474982
6 777474990
1 800898578
6 800898586
16 800898587
1 970882157
6 970882165
2147483648 2147483690
1 231586743
4 231586750
2 231586751
1 276205487
6 276205495
1 505305540
1 659320763
4 659320770
2 659320771
1 1050081126
6 1050081133
16 1050081134
16 1050081145
2 1050081147
2147483648 2147483691
1 400507485
6 400507493
16 400507494
1 663780709
2 663780716
40 663780717
2147483648 2147483692
1 687506109
6 687506117
1 931422257
2147483648 2147483693
1 116463505
1 145229546
2 145229554
8 145229555
1 667382770
6 667382778
1 701886349
10 701886357
1 920605647
22 920605655
2147483648 2147483694
1 429801724
6 429801732
16 429801733
1 539388096
1 688368310
42 688368318
1 832154821
6 832154828
16 832154829
16 832154840
1 875768717
6 875768725
1 886285492
6 886285500
4 886285813
8 886285815
2 886285817
4 886285826
2 886285829
1 1073279410
6 1073279418
2147483648 2147483695
1 45129422
1 106051756
6 106051764
1 235401631
6 235401639
16 235401640
16 235401648
1 688977788
2 688977796
32 688977797
1 977975953
42 977975961
2147483648 2147483696
1 513085576
1 816416235
2 816416243
16 816416244
16 816416251
2 816416254
2147483648 2147483697
1 139861996
6 139862004
1 190637805
10 190637813
1 721995522
32 721995774
2 721995776
1 857462335
16 857462347
2 857462349
1 1019462949
42 1019462957
32 1019462964
2 1019462967
32 1019463154
2 1019463156
1 1029007700
6 1029007708
2147483648 2147483698
1 11932108
22 11932116
2147483648 2147483699
1 83971014
52 83971022
8 83971023
4 83971038
2 83971041
16 83971100
2 83971102
16 83971121
2 83971123
16 83971167
2 83971169
16 83971179
2 83971182
16 83971201
2 83971203
1 231639338
6 231639346
16 231639347
16 231639355
1 526986083
22 526986091
16 526986103
2 526986105
1 604463868
6 604463876
1 676097370
1 803213640
2147483648 2147483700
1 174501142
1 185385629
6 185385636
16 185385637
2147483648 2147483701
1 33294687
6 33294695
1 401719597
1 526738588
18 526738596
16 526738605
2 526738608
1 974954967
2147483648 2147483702
1 1648794
6 1648802
16 1648803
1 358138480
1 565084045
1 676742106
6 676742114
1 936136676
1 1028047114
1 1056752153
6 1056752161
16 1056752165
2147483648 2147483703
1 4803584
4 4803592
2 4803593
1 124436354
22 124436362
1 364748827
16 364748846
2 364748848
1 483304143
1 777884659
2147483648 2147483704
1 67408088
10 67408096
1 112867049
1 123006810
1 150367094
1 229686326
6 229686334
1 375384659
1 622939765
4 622939772
2 622939773
1 709618368
4 709618375
2 709618376
1 737472994
34 737473002
32 737473405
2 737473407
32 737473417
2 737473419
2147483648 2147483705
1 698757475
6 698757483
8 698757484
4 698757491
2 698757494
1 1023197508
6 1023197516
16 1023197517
16 1023197526
2 1023197528
2147483648 2147483706
1 535454688
1 704962684
6 704962692
16 704962693
2147483648 2147483707
1 179230259
4 179230266
2 179230267
1 312871799
2 312871807
8 312871808
1 340808973
1 462335565
2 462335573
40 462335574
1 524429262
42 524429270
2147483648 2147483708
1 393375897
6 393375905
16 393375906
16 393375922
2 393375925
1 487265454
6 487265462
1 573929350
6 573929358
1 688121428
6 688121436
1 870015342
1 966813740
2147483648 2147483709
1 14227334
10 14227342
1 179152234
6 179152242
1 408662453
6 408662461
16 408662462
16 408662467
1 596113567
22 596113575
16 596113584
2 596113586
1 604665152
6 604665160
1 606323464
1 745504253
6 745504261
16 745504262
2147483648 2147483710
1 116240749
1 282432814
6 282432822
1 347965078
6 347965085
16 347965090
1 368177289
1 402144135
6 402144142
16 402144143
1 961981894
2 961981902
40 961981903
1 970227336
6 970227344
16 970227345
16 970227350
1 991463450
2147483648 2147483711
1 895271560
6 895271568
16 895271569
16 895271575
2147483648 2147483712
1 210874014
1 265510734
6 265510742
1 303475573
4 303475581
2 303475584
1 321350393
2 321350401
8 321350402
1 407074818
6 407074826
16 407074827
16 407074832
1 743906574
6 743906582
1 940179627
2147483648 2147483713
1 47605546
1 948986348
2147483648 2147483714
1 856614324
42 856614332
2147483648 2147483715
1 579784387
6 579784395
16 579784396
1 758559128
6 758559136
16 758559137
16 758559143
1 1028280579
34 1028280587
8 1028280588
1 1063166134
16 1063166143
2 1063166145
2147483648 2147483716
1 210828964
2 210828972
32 210828973
1 265285221
1 284414969
1 690887094
10 690887102
1 1070955917
4 1070955924
2 1070955925
2147483648 2147483717
1 137432401
6 137432409
1 159861071
1 406439451
22 406439459
16 406439468
2 406439469
1 967446745
6 967446753
2147483648 2147483718
1 170043116
1 314593976
1 641429639
6 641429647
2147483648 2147483719
1 7946066
2 7946074
40 7946075
1 87287000
6 87287008
1 208068850
6 208068858
1 376063707
6 376063715
16 376063716
16 376063729
2 376063731
4 376064723
2 376064726
1 730300556
2147483648 2147483720
1 90148528
6 90148536
1 202221392
4 202221399
2 202221400
1 262680827
1 511427020
6 511427028
1 784846711
6 784846719
2147483648 2147483721
1 69912746
1 277894642
2147483648 2147483722
1 1046664545
2147483648 2147483723
1 91088482
1 1064796284
2147483648 2147483724
1 12418834
1 36866997
6 36867005
1 107906079
22 107906087
16 107906097
2 107906099
1 1021070298
6 1021070305
2147483648 2147483725
1 82841306
6 82841313
1 198661388
6 198661396
16 198661397
1 291125881
40 291125889
1 391493385
2147483648 2147483726
1 426839681
1 879110283
2147483648 2147483727
1 202343989
1 525699517
4 525699524
18 525699525
16 525699531
1 585421924
6 585421932
1 696822773
6 696822781
1 911466585
8 911466645
2 911466647
2147483648 2147483728
1 64681493
1 66024603
42 66024611
1 533178452
2 533178460
8 533178461
1 591105042
4 591105049
18 591105050
16 591105057
2 591105060
16 591108018
2 591108020
1 641100069
1 712598844
16 712598857
2 712598859
1 717543397
6 717543405
16 717543406
16 717543415
2 717543417
1 919735970
6 919735978
16 919735979
16 919735987
2 919735989
1 933135541
2147483648 2147483729
1 89087658
1 353043564
1 802934708
1 858529316
1 1030068882
2147483648 2147483730
1 75562822
6 75562830
16 75562836
1 302187173
6 302187181
1 512017890
1 726732587
1 891367729
2 891367737
8 891367738
1 929037323
6 929037331
2147483648 2147483731
1 452232552
1 625618484
4 625618491
2 625618492
1 776073718
6 776073726
1 782551204
6 782551212
16 782551213
1 814065316
1 974606467
2147483648 2147483732
1 274678896
1 317519299
2147483648 2147483733
1 20403297
6 20403305
16 20403306
16 20403315
2 20403317
1 174318003
6 174318011
16 174318017
2 174318019
1 493852588
6 493852596
16 493852597
1 719929387
22 719929395
16 719929405
2 719929407
1 936097758
1 969133391
2 969133399
40 969133400
1 1005225312
6 1005225320
2147483648 2147483734
1 7815236
1 47726563
1 531509779
1 1010174624
10 1010174632
2147483648 2147483735
1 172639153
1 355969115
6 355969123
1 390680438
22 390680446
1 440832644
1 803671364
42 803671372
32 803671377
2 803671379
32 803671544
2 803671546
2147483648 2147483736
1 516603674
6 516603682
16 516603683
16 516603687
4 516606074
2 516606077
1 742787329
1 881405819
6 881405827
2147483648 2147483737
1 392402949
6 392402957
16 392402958
1 597547876
2 597547884
8 597547885
1 619141298
6 619141305
1 1037038299
6 1037038307
2147483648 2147483738
1 145261122
4 145261129
18 145261130
16 145261139
2 145261141
16 145261648
2 145261650
1 169507840
22 169507848
16 169507858
2 169507860
1 184771375
22 184771383
1 230972457
1 271862219
6 271862227
1 704136880
1 825368029
4 825368036
2 825368037
2147483648 2147483739
1 810082109
2147483648 2147483740
1 197904869
42 197904877
1 472591033
2 472591040
32 472591041
1 995346188
4 995346327
2 995346330
1 1023082379
32 1023082387
2147483648 2147483741
1 729027377
2 729027385
8 729027386
1 768174462
22 768174470
16 768174476
2 768174478
1 792444004
4 792444011
2147483648 2147483742
1 86216069
6 86216077
1 101450835
1 313979973
1 381682421
10 381682429
2147483648 2147483743
1 11769716
1 186011467
4 186011534
2 186011537
4 186011547
2 186011550
1 340367380
2 340367388
16 340367389
1 603300366
10 603300374
2147483648 2147483744
1 133286590
32 133286598
8 133286599
1 464563871
40 464563879
1 1007366229
2147483648 2147483745
1 867834169
6 867834177
16 867834178
16 867834182
2147483648 2147483746
1 257885759
6 257885767
1 331313085
1 738799336
1 877464349
18 877464357
16 877464364
2 877464366
1 1002798877
6 1002798885
16 1002798886
16 1002798899
2 1002798900
2147483648 2147483747
1 168378127
1 325653828
10 325653836
1 894149223
1 918810686
1 997092114
6 997092121
16 997092122
1 1030886962
2147483648 2147483748
1 344396229
1 573103706
6 573103714
2147483648 2147483749
1 3643114
6 3643122
16 3643123
16 3643132
2 3643134
1 727218083
6 727218091
16 727218092
1 937394669
18 937394677
2147483648 2147483750
1 412657598
1 446652860
6 446652868
16 446652869
1 639453044
6 639453052
1 830069411
6 830069419
2147483648 2147483751
1 86390820
1 205951761
6 205951769
16 205951774
1 461983779
1 787430918
1 866256326
2147483648 2147483752
1 125833545
4 125833552
18 125833553
1 432986305
1 677351193
1 1064244561
6 1064244569
16 1064244570
16 1064244579
2 1064244581
2147483648 2147483753
1 73968913
6 73968921
1 538434019
1 679949250
2147483648 2147483754
1 231137300
1 690082355
6 690082363
1 849688185
1 899991334
6 899991342
24 899991343
16 899991358
2 899991360
16 899991371
2 899991373
16 899991400
2 899991402
16 899991517
2 899991519
1 909605050
2 909605058
8 909605059
1 963301670
2147483648 2147483755
1 151001216
6 151001224
1 444419114
1 569399938
1 627643442
22 627643450
32 627643927
32 627643939
1 995239845
2 995239853
32 995239854
1 1000433441
6 1000433449
2147483648 2147483756
1 47412709
1 681092645
1 820921929
2 820921936
1 1025968026
1 1046535864
2147483648 2147483757
1 213196661
6 213196669
1 831194772
6 831194780
1 925529755
2147483648 2147483758
1 420013190
4 420013197
18 420013198
1 723965890
20 723965898
4 723965909
2 723965913
16 723965966
2 723965968
16 723965983
2 723965985
16 723966030
2 723966032
16 723966071
2 723966073
16 723966115
2 723966117
1 909844261
4 909844268
18 909844269
1 917678550
6 917678558
16 917678559
16 917678569
2 917678572
1 942363423
2147483648 2147483759
1 17460112
1 178934333
6 178934341
1 869075946
1 886910828
42 886910836
2147483648 2147483760
1 175390024
1 750094688
16 750094698
2 750094700
1 1066854316
6 1066854324
2147483648 2147483761
1 20954759
1 143310687
22 143310695
16 143310703
1 169021367
6 169021375
16 169021376
16 169021383
2 169021385
1 385735591
6 385735599
16 385735600
1 443648103
6 443648111
16 443648112
1 817233152
6 817233160
4 817233518
2 817233521
4 817233530
2 817233533
2147483648 2147483762
1 51509155
6 51509163
16 51509164
1 122027508
22 122027516
16 122027526
2 122027528
1 411830489
6 411830497
16 411830498
1 629729711
6 629729719
1 763929193
1 789303403
6 789303411
16 789303412
16 789303423
2 789303425
2147483648 2147483763
1 127136135
6 127136142
16 127136143
16 127136147
1 219835868
6 219835876
16 219835877
16 219835883
2 219835885
1 330537536
6 330537544
1 374932739
1 650181549
22 650181557
1 823605198
6 823605206
16 823605211
2147483648 2147483764
1 370501200
6 370501208
1 442294349
1 834351783
6 834351791
1 838770395
6 838770403
16 838770404
1 981405290
2147483648 2147483765
1 32552772
1 201963763
16 201964443
2 201964445
16 201964453
2 201964455
2147483648 2147483766
1 111401216
2147483648 2147483767
1 2783366
6 2783374
16 2783375
16 2783384
2 2783386
