3 183530887
3 371306386
3 559096148
3 746888208
3 934699677
2147483648 2147483648
3 48754358
3 236568023
3 424363315
3 612166078
3 799976819
3 987781826
2147483648 2147483649
3 101827894
3 289644549
3 477453639
3 665262971
3 853063178
3 1040848953
2147483648 2147483650
3 154899355
3 342699014
3 530507213
3 718302551
3 906115841
2147483648 2147483651
3 20182225
3 207974974
3 395792564
3 583589051
3 771415252
3 959229673
2147483648 2147483652
3 73297656
3 261109660
3 448945585
3 636763800
3 824595279
3 1012399117
2147483648 2147483653
3 126479464
3 314295409
3 502120563
3 689937846
3 877757321
3 1065580262
2147483648 2147483654
3 179672464
3 367497505
3 555318028
3 743148021
3 930966596
2147483648 2147483655
3 45041611
3 232839332
3 420663250
3 608491196
3 796309888
3 984158652
2147483648 2147483656
3 98275309
3 286100038
2 473926070
1 473926071
2 661767793
1 661767794
3 849592500
3 1037398732
2147483648 2147483657
3 151488550
3 339328981
2 527166400
1 527166401
3 715002959
3 902823043
2147483648 2147483658
3 16923209
3 204751903
3 392584343
3 580408423
3 768230909
3 956061167
2147483648 2147483659
2 70143864
1 70143865
3 257970881
3 445815659
3 633655241
3 821488929
3 1009324480
2147483648 2147483660
3 123416552
3 311231456
3 499063959
3 686909820
3 874755957
3 1062573880
2147483648 2147483661
3 176648708
2 364500433
1 364500434
3 552333237
3 740176362
3 927998914
2147483648 2147483662
3 42074021
3 229903389
3 417727074
3 605569778
3 793409922
3 981259491
2147483648 2147483663
3 95361855
3 283222216
3 471076789
3 658920207
3 846760101
3 1034585474
2147483648 2147483664
3 148680036
3 336523034
3 524357710
3 712178926
3 900016103
2147483648 2147483665
3 14093844
3 201931756
3 389751043
3 577569859
3 765375759
3 953174338
2147483648 2147483666
3 67220423
3 255027195
3 442821076
3 630639314
3 818436627
3 1006245935
2147483648 2147483667
3 120323488
3 308150228
3 495966232
3 683754155
3 871570479
3 1059398326
2147483648 2147483668
3 173474169
3 361259168
3 549038032
3 736797652
3 924554915
2147483648 2147483669
3 38613380
3 226390528
3 414194931
2 601982487
1 601982488
3 789810771
3 977616870
2147483648 2147483670
3 91698807
3 279516168
3 467343403
3 655184349
3 843019935
3 1030841528
2147483648 2147483671
3 144924035
3 332719126
3 520561123
3 708387494
3 896199842
2147483648 2147483672
3 10268365
3 198087399
3 385913051
3 573736939
3 761567820
3 949373200
2147483648 2147483673
3 63438687
3 251250107
3 439069971
3 626890830
3 814695302
3 1002514986
2147483648 2147483674
3 116552888
3 304372957
3 492182991
3 680017692
3 867844581
3 1055678725
2147483648 2147483675
3 169763563
3 357580424
3 545400289
3 733209744
3 921021401
2147483648 2147483676
3 35079173
3 222863455
3 410654411
3 598442205
3 786231513
3 974040277
2147483648 2147483677
3 88120571
3 275920523
3 463716907
3 651536648
3 839339375
3 1027123991
2147483648 2147483678
3 141156040
3 328961708
3 516782212
3 704612030
3 892429956
2147483648 2147483679
2 6520265
1 6520266
3 194356636
3 382183170
3 570005092
3 757838114
2 945669063
1 945669064
2147483648 2147483680
3 59772755
3 247589348
3 435409933
3 623239912
3 811066935
3 998895840
2147483648 2147483681
3 112998737
3 300821037
3 488627013
3 676411902
3 864269295
3 1052104332
2147483648 2147483682
3 166209691
3 354038071
3 541882406
3 729706068
3 917549105
2147483648 2147483683
3 31638535
3 219465348
3 407291290
3 595137047
3 782978207
3 970817357
2147483648 2147483684
3 84907240
3 272740897
3 460579241
2 648419884
1 648419885
3 836250383
3 1024083331
2147483648 2147483685
3 138183900
3 326029214
3 513844272
3 701695438
3 889551023
2147483648 2147483686
3 3632641
3 191442209
3 379292931
3 567107119
3 754941979
3 942774930
2147483648 2147483687
3 56875750
3 244709331
3 432531595
3 620344234
3 808158962
3 995984203
2147483648 2147483688
3 110056072
3 297869483
3 485691549
3 673539292
3 861368674
3 1049238313
2147483648 2147483689
2 163348719
1 163348720
3 351174427
3 538989485
3 726805925
3 914609452
2147483648 2147483690
3 28717870
3 216542288
3 404402306
3 592241182
3 780063709
3 967871146
2147483648 2147483691
3 81928012
3 269721782
3 457538202
3 645343708
2 833151380
1 833151381
3 1020988860
2147483648 2147483692
3 135098383
3 322944445
3 510783688
3 698613571
3 886446649
2147483648 2147483693
3 519765
3 188305647
3 376118764
3 563917883
3 751711157
3 939512453
2147483648 2147483694
3 53593656
3 241399247
3 429197976
3 617021374
3 804843043
3 992668709
2147483648 2147483695
3 106714938
3 294522792
3 482292388
3 670111713
3 857909131
3 1045703620
2147483648 2147483696
3 159747020
3 347567202
3 535391599
3 723224749
3 911036825
2147483648 2147483697
3 25115084
3 212925350
3 400697934
3 588451653
3 776242117
3 964060722
2147483648 2147483698
3 78128371
3 265962833
3 453786508
3 641591017
3 829426635
3 1017250047
2147483648 2147483699
3 131336394
2 319160572
1 319160573
3 507001034
3 694836152
3 882670869
3 1070497254
2147483648 2147483700
3 184605273
3 372442925
3 560283561
3 748142167
3 935983792
2147483648 2147483701
3 50088494
3 237957608
3 425809594
3 613657052
2 801516836
1 801516837
3 989369087
2147483648 2147483702
3 103459278
3 291297686
3 479113672
3 666933423
3 854773372
3 1042594833
2147483648 2147483703
3 156683806
3 344525730
3 532355144
3 720186071
3 908019270
2147483648 2147483704
3 22095538
3 209915363
3 397744325
3 585579599
3 773381525
3 961215975
2147483648 2147483705
3 75305459
3 263113126
3 450943611
3 638781511
3 826614147
3 1014433693
2147483648 2147483706
2 128515041
1 128515042
3 316347952
3 504174796
3 691988247
3 879797816
3 1067628494
2147483648 2147483707
3 181711783
3 369544258
3 557360714
3 745165535
3 932956062
2147483648 2147483708
3 47009521
3 234802454
3 422616472
3 610408771
3 798212440
3 986035601
2147483648 2147483709
3 100107956
3 287930510
3 475720872
2 663521926
1 663521927
3 851313131
3 1039090625
2147483648 2147483710
3 153146865
3 340952136
3 528749517
3 716524326
3 904302743
2147483648 2147483711
3 18353236
3 206149623
3 393940870
3 581740316
3 769558416
3 957357395
2147483648 2147483712
3 71412214
3 259255457
3 447092300
3 634908140
3 822711660
2 1010533108
1 1010533109
2147483648 2147483713
3 124601196
3 312440751
3 500261597
3 688065380
3 875873425
3 1063672566
2147483648 2147483714
3 177726127
3 365535958
3 553328728
3 741142021
3 928948355
2147483648 2147483715
3 43032073
3 230884339
3 418724268
3 606536072
3 794348628
3 982165036
2147483648 2147483716
3 96232944
3 284054582
3 471864202
3 659676567
3 847504617
3 1035328166
2147483648 2147483717
3 149399827
3 337245999
3 525041180
3 712861378
3 900664465
2147483648 2147483718
3 14724777
3 202534817
3 390325411
3 578138945
3 765959063
2 953762164
1 953762165
2147483648 2147483719
3 67849078
3 255661755
3 443463149
3 631270830
3 819046293
3 1006867339
2147483648 2147483720
2 120940270
1 120940271
3 308749745
3 496555036
2 684360606
1 684360607
3 872185706
3 1059982757
2147483648 2147483721
3 174064487
3 361895840
3 549721612
3 737531880
3 925326663
2147483648 2147483722
3 39362234
3 227163989
3 414951773
3 602741789
3 790530698
3 978327351
2147483648 2147483723
3 92398266
3 280213135
3 468016375
3 655839744
3 843658326
3 1031475635
2147483648 2147483724
3 145563388
3 333373205
2 521186523
1 521186524
3 708983502
3 896763438
2147483648 2147483725
3 10789227
3 198593594
3 386398663
3 574190353
3 761969991
3 949758711
2147483648 2147483726
3 63783950
3 251586647
3 439402423
3 627221704
3 815010170
3 1002807756
2147483648 2147483727
3 116872734
3 304677793
3 492488141
3 680298744
3 868088079
3 1055880449
2147483648 2147483728
3 169913099
2 357721781
1 357721782
3 545530048
3 733336710
3 921138928
2147483648 2147483729
3 35188591
3 222983580
3 410784950
3 598603126
3 786442092
2 974261091
1 974261092
2147483648 2147483730
3 88344544
3 276173419
3 463979169
3 651784817
3 839583452
3 1027374443
2147483648 2147483731
3 141434452
3 329251268
3 517039202
3 704840461
3 892624124
2147483648 2147483732
3 6667858
3 194440892
3 382224359
3 570007152
3 757786160
3 945568473
2147483648 2147483733
3 59615275
3 247379633
3 435156120
3 622906516
3 810680273
3 998458140
2147483648 2147483734
3 112467321
3 300244084
3 487976971
3 675727629
3 863497648
2 1051253342
1 1051253343
2147483648 2147483735
3 165235393
3 352967531
3 540749624
3 728522166
3 916234585
2147483648 2147483736
3 30225156
3 217995585
3 405805578
3 593590918
3 781413439
3 969210234
2147483648 2147483737
3 83278136
3 271092037
3 458909411
3 646729681
3 834575140
3 1022424599
2147483648 2147483738
3 136541749
3 324351724
3 512162202
3 699983658
2 887809995
1 887809996
2147483648 2147483739
3 1912334
3 189738668
3 377547438
3 565353068
3 753177454
3 940995690
2147483648 2147483740
3 55084805
3 242918278
3 430755345
3 618574386
3 806373354
3 994180590
2147483648 2147483741
3 108218699
3 295992776
3 483772656
3 671610081
3 859421113
3 1047260260
2147483648 2147483742
3 161351587
3 349185753
3 537015669
3 724823738
2 912663180
1 912663181
2147483648 2147483743
3 26741020
3 214575822
3 402411479
3 590242998
2 778080702
1 778080703
3 965918397
2147483648 2147483744
3 80005351
3 267829056
3 455648903
3 643472313
3 831305097
3 1019119765
2147483648 2147483745
3 133214550
3 321052021
3 508889248
3 696727015
3 884579725
3 1072425203
2147483648 2147483746
3 186540345
3 374352349
3 562170483
3 750005292
3 937817672
2147483648 2147483747
3 51892268
3 239690689
3 427463843
2 615229717
1 615229718
3 803019855
3 990862487
2147483648 2147483748
3 104980245
3 292780495
3 480608416
3 668463528
3 856270976
3 1044063186
2147483648 2147483749
3 158120248
3 345971355
3 533774075
3 721562472
2 909353631
1 909353632
2147483648 2147483750
3 23369460
3 211224995
3 399077281
2 586916065
1 586916066
3 774749104
3 962602364
2147483648 2147483751
3 76726220
3 264586965
3 452451212
3 640303055
3 828156786
3 1016003642
2147483648 2147483752
3 130132508
3 317987310
2 505807540
1 505807541
3 693599331
3 881426534
3 1069230613
2147483648 2147483753
2 183279319
1 183279320
3 371081278
3 558915910
3 746774934
3 934581868
2147483648 2147483754
3 48638132
3 236448915
3 424289120
3 612107079
3 799938155
3 987744986
2147483648 2147483755
3 101807905
3 289617689
3 477404082
3 665196624
3 853005701
3 1040814168
2147483648 2147483756
3 154899935
2 342731383
1 342731384
3 530573646
3 718401315
3 906219961
2147483648 2147483757
3 20312582
3 208115093
3 395923643
3 583741622
3 771560743
3 959391489
2147483648 2147483758
3 73449589
3 261224781
3 449038160
3 636908109
3 824769520
3 1012584427
2147483648 2147483759
3 126658381
3 314476576
2 502287633
1 502287634
3 690094819
3 877922022
3 1065724740
2147483648 2147483760
3 179775880
3 367571240
3 555386222
3 743174118
3 930993377
2147483648 2147483761
3 45104378
3 232953716
3 420765050
3 608620497
3 796418511
3 984206505
2147483648 2147483762
3 98279467
3 286102200
2 473925614
1 473925615
3 661743680
3 849540001
3 1037333339
2147483648 2147483763
3 151374817
3 339178238
3 527058836
3 714921918
3 902798298
2147483648 2147483764
3 16926228
3 204780409
3 392608348
3 580428332
3 768236868
3 956121312
2147483648 2147483765
3 70252481
3 258129754
2 445995587
1 445995588
3 633866912
3 821750301
3 1009635379
2147483648 2147483766
3 123780444
2 311630178
1 311630179
3 499498428
2 687343620
1 687343621
3 875160904
3 1062973249
2147483648 2147483767
3 177072988
3 364902376
3 552769125
3 740641482
3 928508131
2147483648 2147483768
3 42622248
3 230497821
3 418378260
3 606325285
3 794229328
3 982148514
2147483648 2147483769
3 96359913
3 284306865
3 472252871
3 660197570
3 848157526
3 1036078339
2147483648 2147483770
3 150208454
3 338109209
3 526021823
3 713964233
3 901884513
2147483648 2147483771
3 16119857
3 204077595
3 392002208
3 579946758
3 767887200
3 955843950
2147483648 2147483772
3 70052369
3 257946275
2 445813342
1 445813343
2 633756931
1 633756932
3 821700335
2 1009643929
1 1009643930
2147483648 2147483773
3 123833800
3 311783721
3 499733742
2 687678307
1 687678308
3 875643190
3 1063580678
2147483648 2147483774
3 177754548
3 365679219
3 553604032
3 741518330
3 929420941
2147483648 2147483775
3 43572669
3 231472999
3 419371194
3 607260662
2 795165598
1 795165599
3 983067074
2147483648 2147483776
3 97238904
3 285172011
3 473082131
3 660998961
3 848881007
3 1036803020
2147483648 2147483777
3 150950377
3 338831883
3 526698669
3 714594457
3 902481856
2147483648 2147483778
3 16628722
3 204493292
3 392367578
3 580202416
3 767927123
3 955731019
2147483648 2147483779
3 69830338
3 257596166
3 445282172
3 633014652
3 820766717
3 1008598673
2147483648 2147483780
3 122703868
3 310513789
3 498325079
3 686089755
3 873910537
3 1061674357
2147483648 2147483781
3 175688984
3 363455392
3 551203471
3 739000588
3 926770480
2147483648 2147483782
3 40889662
3 228684966
3 416471264
3 604289897
3 792116358
3 979918413
2147483648 2147483783
3 93946614
3 281706177
3 469484180
3 657285178
3 845070636
3 1032879765
2147483648 2147483784
3 146968407
3 334798576
3 522595417
3 710419535
3 898248101
2147483648 2147483785
3 12346071
3 200191497
3 388012985
3 575844138
3 763670498
3 951482941
2147483648 2147483786
3 65576547
3 253388729
3 441229589
3 629064680
3 816877080
3 1004692542
2147483648 2147483787
3 118748599
3 306549574
3 494365222
3 682175194
3 869982554
2 1057816682
1 1057816683
2147483648 2147483788
3 171915917
3 359746205
3 547519292
3 735351486
3 923175897
2147483648 2147483789
3 37251198
3 225068805
3 412892409
3 600698683
3 788523434
2 976372332
1 976372333
2147483648 2147483790
3 90447955
3 278256086
3 466089707
3 653919152
3 841738328
3 1029577090
2147483648 2147483791
3 143693058
3 331524540
3 519376441
3 707223510
3 895079366
2147483648 2147483792
3 9204504
3 197048021
3 384885893
