0	16112	13910	12044	10053	
1	16111	13908	12044	10056	
2	16111	13913	12044	10051	
3	16113	13914	12050	10052	
4	16114	13912	12052	10051	
5	16115	13912	12049	10047	
6	16119	13914	12052	10056	
7	16120	13914	12059	10053	
8	16112	13911	12046	10053	
9	16112	13910	12048	10054	
10	16118	13910	12050	10055	
11	16119	13914	12051	10047	
12	16118	13911	12055	10052	
13	16117	13908	12041	10052	
14	16117	13914	12048	10050	
15	16114	13911	12050	10056	
16	16116	13913	12047	10048	
17	16113	13915	12049	10048	
18	16114	13915	12049	10047	
19	16118	13915	12051	10056	
20	16114	13912	12042	10053	
21	16117	13918	12042	10052	
22	16114	13914	12044	10054	
23	16117	13914	12052	10051	
24	16114	13915	12044	10053	
25	16114	13914	12045	10050	
26	16116	13918	12048	10055	
27	16118	13913	12046	10047	
28	16118	13912	12046	10053	
29	16109	13914	12046	10053	
30	16119	13918	12047	10053	
31	16119	13914	12046	10054	
32	16113	13905	12044	10052	
33	16115	13909	12041	10049	
34	16115	13915	12052	10051	
35	16115	13913	12046	10048	
36	16111	13916	12049	10049	
37	16112	13913	12050	10048	
38	16116	13916	12046	10052	
39	16112	13913	12051	10056	
40	16118	13913	12048	10048	
41	16113	13915	12047	10050	
42	16121	13911	12053	10046	
43	16120	13916	12048	10051	
44	16112	13911	12045	10053	
45	16118	13913	12046	10051	
46	16116	13911	12047	10052	
47	16119	13920	12049	10050	
48	16112	13908	12048	10050	
49	16113	13911	12048	10056	
50	16115	13909	12047	10053	
51	16119	13907	12041	10050	
52	16118	13913	12048	10057	
53	16115	13912	12048	10053	
54	16109	13912	12051	10049	
55	16114	13912	12049	10051	
56	16112	13911	12049	10050	
57	16116	13914	12045	10047	
58	16115	13913	12044	10048	
59	16116	13914	12049	10050	
60	16117	13911	12046	10051	
61	16116	13915	12049	10053	
62	16114	13916	12053	10056	
63	16115	13913	12048	10051	
64	16119	13912	12052	10051	
65	16116	13911	12047	10049	
66	16118	13913	12052	10053	
67	16116	13914	12052	10050	
68	16113	13916	12047	10050	
69	16118	13917	12053	10051	
70	16121	13916	12046	10050	
71	16118	13912	12042	10049	
72	16114	13915	12043	10051	
73	16120	13916	12042	10047	
74	16113	13916	12048	10054	
75	16117	13914	12050	10055	
76	16115	13909	12046	10048	
77	16117	13918	12049	10049	
78	16118	13915	12047	10050	
79	16119	13911	12046	10053	
80	16116	13912	12047	10055	
81	16115	13914	12046	10055	
82	16118	13914	12048	10050	
83	16122	13921	12051	10057	
84	16118	13912	12053	10053	
85	16114	13913	12047	10054	
86	16110	13918	12043	10046	
87	16115	13916	12043	10049	
88	16117	13909	12046	10046	
89	16112	13910	12047	10054	
90	16113	13916	12049	10051	
91	16112	13911	12049	10051	
92	16115	13915	12048	10050	
93	16116	13917	12049	10047	
94	16116	13917	12049	10050	
95	16114	13916	12049	10048	
96	16107	13914	12050	10044	
97	16118	13913	12048	10052	
98	16117	13916	12046	10050	
99	16119	13917	12048	10057	
100	16116	13915	12049	10050	
101	16118	13914	12045	10053	
102	16114	13915	12045	10052	
103	16115	13915	12049	10052	
104	16117	13913	12050	10055	
105	16110	13919	12050	10048	
106	16111	13914	12052	10049	
107	16118	13911	12048	10053	
108	16114	13909	12046	10042	
109	16113	13917	12049	10049	
110	16114	13920	12044	10050	
111	16120	13914	12044	10050	
112	16122	13917	12045	10048	
113	16117	13912	12047	10045	
114	16118	13910	12040	10051	
115	16116	13909	12044	10052	
116	16115	13910	12046	10053	
117	16115	13913	12051	10048	
118	16119	13910	12054	10051	
119	16116	13913	12042	10047	
120	16114	13912	12043	10048	
121	16124	13914	12048	10049	
122	16112	13918	12047	10053	
123	16117	13912	12046	10056	
124	16120	13909	12045	10054	
125	16117	13917	12052	10052	
126	16121	13916	12047	10047	
127	16117	13913	12045	10055	
128	16116	13916	12048	10051	
129	16117	13908	12045	10050	
130	16117	13917	12046	10048	
131	16114	13913	12040	10046	
132	16110	13910	12050	10051	
133	16112	13911	12048	10052	
134	16113	13915	12050	10049	
135	16110	13914	12046	10051	
136	16123	13909	12049	10053	
137	16118	13918	12049	10051	
138	16120	13914	12038	10047	
139	16117	13914	12048	10048	
140	16110	13911	12046	10052	
141	16108	13913	12048	10056	
142	16106	13915	12047	10052	
143	16114	13917	12047	10046	
144	16115	13911	12042	10053	
145	16116	13915	12048	10049	
146	16112	13914	12048	10049	
147	16115	13916	12051	10053	
148	16116	13912	12049	10045	
149	16122	13910	12047	10054	
150	16112	13912	12052	10052	
151	16114	13919	12050	10053	
152	16117	13919	12047	10047	
153	16118	13912	12044	10055	
154	16117	13909	12047	10051	
155	16115	13913	12041	10054	
156	16111	13915	12051	10050	
157	16117	13915	12047	10052	
158	16120	13914	12050	10049	
159	16116	13912	12044	10053	
160	16121	13913	12049	10048	
161	16119	13914	12055	10050	
162	16114	13913	12051	10051	
163	16116	13907	12051	10048	
164	16119	13905	12048	10055	
165	16119	13913	12050	10055	
166	16114	13913	12048	10052	
167	16120	13913	12045	10049	
168	16117	13919	12045	10048	
169	16112	13910	12051	10053	
170	16116	13917	12050	10055	
171	16121	13919	12044	10057	
172	16117	13913	12042	10048	
173	16122	13912	12048	10053	
174	16115	13912	12048	10049	
175	16121	13915	12047	10051	
176	16116	13913	12046	10046	
177	16116	13912	12049	10049	
178	16119	13917	12054	10055	
179	16120	13910	12050	10051	
180	16116	13913	12049	10054	
181	16123	13912	12048	10052	
182	16118	13916	12047	10054	
183	16116	13913	12054	10053	
184	16113	13916	12054	10048	
185	16116	13918	12047	10055	
186	16121	13914	12046	10048	
187	16118	13916	12048	10051	
188	16109	13912	12048	10044	
189	16114	13912	12049	10048	
190	16113	13916	12047	10053	
191	16118	13908	12053	10051	
192	16117	13914	12041	10050	
193	16113	13918	12052	10049	
194	16119	13914	12049	10048	
195	16113	13917	12046	10052	
196	16116	13916	12045	10054	
197	16113	13914	12045	10055	
198	16116	13913	12049	10054	
199	16116	13916	12049	10049	
200	16120	13915	12044	10055	
201	16114	13915	12046	10056	
202	16119	13908	12048	10056	
203	16115	13912	12050	10054	
204	16111	13912	12046	10047	
205	16111	13912	12046	10052	
206	16113	13913	12046	10050	
207	16118	13914	12046	10055	
208	16118	13914	12049	10049	
209	16121	13916	12046	10051	
210	16114	13911	12048	10050	
211	16111	13918	12048	10050	
212	16116	13915	12049	10055	
213	16117	13911	12050	10053	
214	16114	13913	12046	10049	
215	16112	13915	12046	10052	
216	16115	13913	12046	10050	
217	16114	13919	12049	10046	
218	16117	13915	12050	10055	
219	16116	13915	12051	10055	
220	16116	13913	12051	10056	
221	16118	13910	12046	10054	
222	16119	13914	12048	10054	
223	16114	13909	12044	10049	
224	16117	13907	12044	10050	
225	16112	13913	12049	10053	
226	16115	13920	12048	10051	
227	16113	13914	12050	10049	
228	16116	13911	12054	10052	
229	16113	13916	12051	10052	
230	16116	13918	12043	10056	
231	16119	13913	12052	10050	
232	16113	13917	12048	10052	
233	16111	13918	12047	10053	
234	16115	13914	12049	10053	
235	16121	13918	12039	10051	
236	16112	13920	12048	10051	
237	16120	13912	12050	10054	
238	16117	13915	12045	10053	
239	16115	13912	12044	10051	
240	16114	13918	12045	10054	
241	16113	13914	12045	10050	
242	16115	13914	12048	10051	
243	16113	13914	12047	10051	
244	16120	13920	12045	10049	
245	16114	13916	12044	10055	
246	16111	13914	12051	10055	
247	16112	13913	12049	10051	
248	16115	13911	12047	10049	
249	16113	13911	12047	10052	
250	16110	13916	12046	10050	
251	16120	13916	12047	10053	
252	16118	13910	12045	10051	
253	16120	13913	12049	10054	
254	16114	13917	12043	10054	
255	16116	13916	12043	10054	
256	16118	13914	12046	10047	
257	16110	13911	12049	10054	
258	16118	13916	12047	10047	
259	16115	13913	12046	10056	
260	16112	13916	12048	10052	
261	16122	13914	12052	10050	
262	16117	13916	12049	10052	
263	16117	13915	12049	10049	
264	16110	13911	12053	10052	
265	16117	13914	12041	10054	
266	16117	13918	12053	10057	
267	16117	13913	12049	10046	
268	16116	13912	12048	10049	
269	16110	13916	12051	10047	
270	16111	13914	12047	10048	
271	16118	13907	12051	10047	
272	16118	13912	12048	10052	
273	16118	13917	12045	10054	
274	16120	13912	12047	10049	
275	16115	13909	12049	10046	
276	16113	13916	12050	10051	
277	16120	13916	12052	10048	
278	16113	13916	12048	10051	
279	16115	13917	12048	10052	
280	16114	13916	12053	10051	
281	16117	13915	12046	10052	
282	16114	13912	12050	10044	
283	16118	13915	12046	10051	
284	16116	13917	12049	10051	
285	16116	13910	12052	10056	
286	16115	13913	12049	10051	
287	16115	13912	12048	10052	
288	16114	13917	12052	10050	
289	16117	13918	12043	10053	
290	16115	13918	12044	10052	
291	16118	13915	12048	10052	
292	16109	13911	12058	10052	
293	16119	13916	12049	10050	
294	16120	13919	12050	10050	
295	16118	13916	12049	10054	
296	16115	13911	12050	10050	
297	16118	13912	12051	10056	
298	16115	13916	12051	10050	
299	16118	13911	12047	10052	
300	16110	13916	12049	10050	
301	16115	13913	12046	10057	
302	16111	13911	12050	10054	
303	16112	13919	12045	10055	
304	16116	13914	12050	10048	
305	16119	13911	12049	10049	
306	16118	13915	12045	10049	
307	16118	13911	12044	10048	
308	16119	13913	12045	10052	
309	16121	13912	12052	10058	
310	16120	13915	12046	10053	
311	16115	13911	12049	10049	
312	16113	13910	12044	10048	
313	16122	13916	12048	10047	
314	16121	13918	12044	10058	
315	16117	13911	12048	10054	
316	16117	13908	12047	10054	
317	16122	13918	12044	10049	
318	16116	13910	12053	10044	
319	16116	13917	12046	10050	
320	16112	13915	12047	10051	
321	16111	13916	12050	10060	
322	16115	13909	12051	10054	
323	16113	13910	12048	10055	
324	16119	13912	12044	10056	
325	16117	13921	12044	10047	
326	16111	13914	12046	10050	
327	16114	13917	12051	10051	
328	16117	13914	12048	10049	
329	16116	13914	12045	10051	
330	16113	13919	12048	10050	
331	16117	13917	12053	10051	
332	16118	13910	12048	10051	
333	16113	13910	12049	10059	
334	16114	13916	12053	10049	
335	16115	13913	12044	10056	
336	16110	13913	12046	10050	
337	16118	13915	12051	10052	
338	16121	13913	12046	10055	
339	16117	13916	12046	10049	
340	16119	13915	12057	10049	
341	16112	13915	12051	10053	
342	16118	13914	12054	10054	
343	16121	13917	12043	10049	
344	16118	13919	12049	10052	
345	16111	13919	12047	10047	
346	16117	13913	12046	10049	
347	16118	13912	12046	10046	
348	16116	13915	12045	10049	
349	16116	13917	12049	10050	
350	16120	13917	12048	10054	
351	16115	13911	12049	10048	
352	16117	13914	12050	10051	
353	16116	13920	12044	10053	
354	16118	13912	12053	10051	
355	16114	13911	12047	10049	
356	16117	13912	12051	10052	
357	16116	13912	12048	10050	
358	16112	13913	12047	10049	
359	16118	13907	12052	10056	
360	16116	13916	12046	10051	
361	16126	13912	12046	10049	
362	16115	13917	12048	10052	
363	16112	13920	12048	10049	
364	16119	13911	12044	10050	
365	16118	13911	12049	10054	
366	16115	13913	12048	10054	
367	16115	13913	12047	10054	
368	16117	13911	12043	10049	
369	16109	13914	12053	10055	
370	16113	13916	12044	10053	
371	16114	13909	12043	10053	
372	16119	13908	12050	10051	
373	16114	13918	12050	10055	
374	16109	13913	12057	10056	
375	16118	13909	12048	10053	
376	16115	13919	12050	10050	
377	16113	13911	12045	10056	
378	16115	13914	12045	10050	
379	16122	13916	12055	10052	
380	16118	13915	12049	10053	
381	16114	13909	12041	10049	
382	16115	13910	12046	10056	
383	16115	13916	12050	10053	
384	16120	13916	12054	10056	
385	16113	13915	12046	10055	
386	16116	13910	12049	10051	
387	16120	13914	12044	10047	
388	16115	13915	12047	10051	
389	16119	13911	12050	10054	
390	16115	13913	12050	10052	
391	16119	13916	12048	10055	
392	16118	13911	12044	10052	
393	16120	13913	12045	10055	
394	16118	13915	12052	10052	
395	16117	13915	12051	10053	
396	16111	13917	12051	10057	
397	16113	13919	12051	10049	
398	16112	13913	12048	10048	
399	16113	13917	12045	10052	
400	16117	13914	12040	10047	
401	16120	13913	12048	10053	
402	16113	13911	12047	10052	
403	16114	13913	12048	10054	
404	16111	13910	12050	10056	
405	16110	13913	12051	10056	
406	16113	13909	12052	10054	
407	16116	13913	12050	10058	
408	16121	13913	12040	10057	
409	16117	13908	12044	10053	
410	16117	13912	12045	10051	
411	16121	13908	12048	10051	
412	16118	13916	12050	10052	
413	16117	13909	12052	10050	
414	16119	13918	12049	10050	
415	16117	13915	12051	10052	
416	16117	13914	12052	10056	
417	16113	13916	12046	10058	
418	16109	13917	12049	10052	
419	16112	13914	12051	10056	
420	16117	13921	12047	10053	
421	16117	13915	12054	10053	
422	16117	13915	12056	10051	
423	16121	13915	12044	10051	
424	16118	13914	12046	10051	
425	16112	13915	12047	10051	
426	16116	13907	12047	10052	
427	16114	13918	12050	10049	
428	16110	13918	12048	10050	
429	16115	13918	12051	10050	
430	16121	13911	12044	10051	
431	16111	13919	12048	10049	
432	16116	13913	12046	10046	
433	16114	13915	12049	10053	
434	16114	13910	12047	10049	
435	16114	13920	12050	10053	
436	16120	13916	12048	10054	
437	16119	13915	12049	10052	
438	16117	13917	12045	10051	
439	16122	13919	12051	10047	
440	16112	13923	12048	10051	
441	16115	13915	12047	10054	
442	16113	13916	12041	10049	
443	16117	13916	12045	10051	
444	16115	13919	12051	10053	
445	16113	13915	12050	10052	
446	16116	13916	12045	10051	
447	16117	13914	12047	10056	
448	16116	13915	12051	10053	
449	16115	13916	12047	10049	
450	16120	13912	12047	10050	
451	16117	13917	12044	10051	
452	16115	13916	12048	10047	
453	16115	13915	12054	10053	
454	16122	13917	12045	10054	
455	16110	13914	12048	10055	
456	16109	13910	12048	10052	
457	16121	13917	12052	10047	
458	16113	13914	12055	10051	
459	16114	13914	12045	10053	
460	16114	13912	12044	10050	
461	16115	13915	12048	10045	
462	16117	13914	12043	10051	
463	16114	13911	12049	10052	
464	16111	13915	12049	10051	
465	16117	13921	12045	10055	
466	16120	13920	12049	10046	
467	16120	13915	12050	10050	
468	16117	13919	12046	10053	
469	16117	13912	12042	10050	
470	16119	13912	12057	10048	
471	16118	13921	12055	10052	
472	16114	13913	12045	10048	
473	16120	13914	12047	10053	
474	16114	13913	12045	10050	
475	16122	13917	12048	10047	
476	16116	13917	12049	10048	
477	16117	13918	12048	10048	
478	16118	13919	12048	10052	
479	16113	13914	12048	10049	
480	16113	13908	12044	10051	
481	16111	13910	12041	10051	
482	16120	13914	12043	10045	
483	16120	13917	12049	10051	
484	16113	13916	12049	10047	
485	16118	13918	12046	10051	
486	16115	13913	12045	10045	
487	16117	13915	12044	10048	
488	16114	13914	12045	10053	
489	16113	13916	12044	10049	
490	16117	13909	12047	10051	
491	16119	13913	12049	10052	
492	16118	13916	12044	10045	
493	16117	13913	12049	10054	
494	16114	13917	12049	10052	
495	16116	13919	12048	10055	
496	16115	13916	12051	10054	
497	16114	13911	12049	10051	
498	16118	13918	12050	10052	
499	16117	13917	12050	10053	
500	16117	13915	12052	10054	
501	16118	13916	12044	10050	
502	16115	13915	12049	10052	
503	16115	13916	12050	10055	
504	16121	13913	12044	10053	
505	16117	13915	12047	10053	
506	16113	13912	12046	10055	
507	16119	13914	12050	10049	
508	16119	13911	12048	10051	
509	16120	13912	12050	10045	
510	16121	13911	12046	10052	
511	16114	13915	12046	10051	
512	16118	13917	12049	10050	
513	16113	13915	12045	10055	
514	16117	13919	12048	10045	
515	16116	13915	12050	10052	
516	16117	13917	12044	10050	
517	16117	13917	12047	10049	
518	16119	13913	12054	10053	
519	16116	13918	12049	10052	
520	16115	13910	12051	10052	
521	16108	13909	12049	10049	
522	16119	13911	12045	10048	
523	16108	13915	12050	10048	
524	16114	13917	12047	10050	
525	16115	13909	12049	10052	
526	16117	13912	12050	10060	
527	16115	13914	12045	10050	
528	16112	13907	12049	10057	
529	16111	13913	12050	10059	
530	16113	13914	12047	10050	
531	16115	13915	12047	10055	
532	16111	13912	12054	10047	
533	16119	13913	12048	10047	
534	16119	13911	12047	10051	
535	16114	13913	12050	10054	
536	16118	13916	12048	10052	
537	16123	13911	12051	10049	
538	16116	13918	12043	10052	
539	16113	13912	12045	10049	
540	16122	13915	12042	10053	
541	16123	13914	12050	10051	
542	16120	13916	12044	10054	
543	16115	13915	12046	10052	
544	16113	13918	12050	10052	
545	16113	13919	12048	10052	
546	16115	13913	12052	10046	
547	16118	13916	12048	10048	
548	16116	13911	12048	10054	
549	16118	13919	12053	10055	
550	16119	13917	12053	10049	
551	16110	13920	12049	10047	
552	16118	13916	12046	10048	
553	16115	13918	12044	10055	
554	16115	13917	12051	10052	
555	16116	13914	12055	10051	
556	16114	13913	12048	10058	
557	16110	13917	12046	10057	
558	16115	13917	12045	10049	
559	16114	13911	12050	10052	
560	16116	13912	12044	10048	
561	16117	13917	12051	10050	
562	16116	13919	12050	10049	
563	16112	13917	12048	10051	
564	16116	13920	12053	10051	
565	16120	13916	12048	10050	
566	16117	13920	12049	10051	
567	16115	13921	12048	10048	
568	16120	13915	12050	10051	
569	16116	13915	12048	10053	
570	16114	13914	12047	10052	
571	16114	13915	12047	10048	
572	16122	13912	12054	10045	
573	16114	13915	12049	10051	
574	16119	13916	12052	10050	
575	16114	13915	12042	10057	
576	16115	13919	12048	10054	
577	16119	13913	12046	10049	
578	16115	13915	12045	10052	
579	16111	13915	12045	10055	
580	16115	13920	12046	10052	
581	16118	13920	12044	10051	
582	16110	13922	12050	10052	
583	16114	13918	12044	10052	
584	16113	13913	12050	10053	
585	16117	13918	12049	10050	
586	16119	13917	12046	10046	
587	16115	13913	12050	10055	
588	16108	13910	12050	10053	
589	16117	13917	12047	10052	
590	16118	13914	12053	10052	
591	16115	13912	12045	10051	
592	16115	13918	12051	10046	
593	16116	13915	12049	10051	
594	16111	13917	12047	10047	
595	16116	13914	12043	10049	
596	16112	13916	12049	10046	
597	16114	13914	12050	10043	
598	16121	13913	12054	10052	
599	16122	13915	12046	10055	
600	16119	13916	12042	10054	
601	16121	13911	12054	10050	
602	16113	13916	12050	10051	
603	16113	13912	12050	10048	
604	16113	13914	12047	10055	
605	16114	13916	12045	10052	
606	16115	13918	12048	10048	
607	16116	13913	12050	10048	
608	16122	13915	12048	10051	
609	16119	13917	12058	10057	
610	16117	13919	12048	10050	
611	16117	13917	12050	10047	
612	16120	13914	12048	10054	
613	16116	13918	12048	10050	
614	16111	13915	12045	10052	
615	16113	13920	12046	10050	
616	16119	13920	12050	10054	
617	16119	13917	12050	10051	
618	16110	13919	12047	10053	
619	16113	13919	12052	10052	
620	16112	13918	12053	10053	
621	16111	13920	12044	10054	
622	16111	13912	12046	10050	
623	16116	13918	12051	10048	
624	16113	13919	12048	10048	
625	16120	13913	12050	10053	
626	16113	13909	12049	10057	
627	16116	13916	12049	10053	
628	16117	13917	12046	10056	
629	16111	13914	12044	10051	
630	16119	13912	12044	10050	
631	16118	13914	12043	10053	
632	16125	13918	12051	10049	
633	16116	13914	12050	10052	
634	16117	13917	12048	10049	
635	16119	13912	12041	10056	
636	16112	13915	12049	10048	
637	16118	13913	12045	10059	
638	16116	13913	12045	10057	
639	16117	13921	12053	10049	
640	16114	13919	12052	10052	
641	16118	13917	12047	10055	
642	16110	13914	12049	10052	
643	16118	13914	12050	10057	
644	16112	13920	12051	10052	
645	16116	13918	12046	10044	
646	16119	13919	12045	10049	
647	16119	13913	12042	10053	
648	16116	13918	12049	10054	
649	16119	13919	12051	10055	
650	16113	13918	12045	10051	
651	16114	13918	12041	10049	
652	16116	13921	12047	10054	
653	16118	13915	12052	10057	
654	16121	13912	12047	10044	
655	16113	13913	12045	10051	
656	16110	13914	12054	10051	
657	16114	13916	12056	10050	
658	16115	13913	12048	10053	
659	16111	13915	12051	10052	
660	16118	13918	12043	10052	
661	16116	13919	12049	10054	
662	16118	13915	12048	10052	
663	16123	13919	12052	10053	
664	16117	13914	12043	10051	
665	16116	13917	12048	10049	
666	16119	13909	12044	10055	
667	16118	13915	12050	10056	
668	16115	13917	12055	10052	
669	16116	13917	12048	10054	
670	16114	13920	12049	10052	
671	16117	13917	12043	10050	
672	16116	13915	12047	10056	
673	16119	13911	12049	10055	
674	16107	13917	12052	10053	
675	16116	13913	12049	10055	
676	16116	13915	12043	10051	
677	16111	13915	12048	10047	
678	16120	13915	12051	10049	
679	16115	13922	12057	10049	
680	16112	13919	12044	10053	
681	16109	13914	12045	10058	
682	16114	13915	12051	10055	
683	16117	13913	12049	10048	
684	16117	13914	12050	10050	
685	16110	13916	12048	10049	
686	16110	13914	12047	10048	
687	16117	13915	12043	10058	
688	16118	13916	12048	10048	
689	16115	13915	12055	10049	
690	16123	13922	12047	10057	
691	16113	13921	12048	10052	
692	16120	13913	12049	10055	
693	16116	13914	12046	10050	
694	16123	13915	12050	10050	
695	16114	13918	12047	10052	
696	16113	13914	12054	10052	
697	16112	13917	12056	10052	
698	16112	13914	12051	10052	
699	16113	13923	12042	10049	
700	16116	13919	12050	10050	
701	16122	13917	12050	10054	
702	16122	13920	12049	10054	
703	16119	13919	12046	10051	
704	16115	13917	12052	10055	
705	16114	13914	12051	10055	
706	16112	13916	12048	10048	
707	16116	13915	12050	10048	
708	16117	13917	12048	10051	
709	16118	13916	12053	10059	
710	16121	13917	12050	10048	
711	16119	13913	12043	10053	
712	16108	13914	12046	10056	
713	16117	13910	12045	10049	
714	16119	13914	12048	10049	
715	16121	13912	12045	10047	
716	16112	13910	12049	10054	
717	16115	13914	12048	10053	
718	16115	13912	12054	10054	
719	16115	13914	12049	10050	
720	16119	13917	12049	10046	
721	16116	13921	12048	10055	
722	16119	13923	12052	10054	
723	16115	13918	12051	10054	
724	16116	13915	12050	10054	
725	16117	13915	12046	10051	
726	16114	13919	12046	10044	
727	16118	13917	12041	10049	
728	16117	13916	12053	10055	
729	16111	13919	12051	10052	
730	16120	13920	12050	10054	
731	16116	13916	12043	10050	
732	16116	13915	12051	10052	
733	16119	13911	12055	10051	
734	16117	13918	12048	10058	
735	16114	13919	12049	10055	
736	16118	13917	12044	10055	
737	16112	13908	12045	10053	
738	16116	13918	12053	10054	
739	16118	13914	12047	10054	
740	16115	13914	12052	10057	
741	16119	13918	12049	10059	
742	16117	13910	12048	10050	
743	16117	13912	12047	10049	
744	16120	13916	12044	10046	
745	16111	13912	12048	10055	
746	16116	13917	12051	10055	
747	16118	13919	12043	10052	
748	16117	13911	12049	10052	
749	16120	13915	12044	10054	
750	16111	13919	12047	10046	
751	16111	13920	12051	10053	
752	16112	13915	12053	10046	
753	16112	13917	12052	10051	
754	16120	13915	12047	10048	
755	16121	13920	12044	10054	
756	16119	13922	12050	10052	
757	16115	13912	12044	10053	
758	16116	13913	12050	10059	
759	16117	13916	12046	10057	
760	16116	13919	12048	10053	
761	16117	13915	12054	10050	
762	16116	13913	12050	10053	
763	16116	13923	12049	10054	
764	16118	13919	12044	10051	
765	16111	13919	12048	10052	
766	16112	13919	12051	10050	
767	16119	13917	12051	10052	
768	16116	13920	12048	10052	
769	16113	13919	12049	10046	
770	16114	13917	12044	10051	
771	16113	13919	12048	10052	
772	16116	13911	12044	10050	
773	16110	13912	12046	10056	
774	16114	13914	12048	10054	
775	16118	13913	12048	10056	
776	16115	13917	12048	10048	
777	16115	13914	12049	10050	
778	16120	13912	12046	10054	
779	16113	13917	12053	10049	
780	16117	13910	12046	10050	
781	16120	13918	12047	10052	
782	16120	13918	12053	10051	
783	16118	13918	12046	10050	
784	16115	13914	12047	10053	
785	16118	13915	12047	10054	
786	16118	13913	12048	10054	
787	16111	13915	12050	10051	
788	16113	13914	12046	10054	
789	16119	13919	12048	10055	
790	16117	13917	12049	10054	
791	16114	13921	12048	10050	
792	16111	13914	12050	10048	
793	16119	13919	12045	10059	
794	16115	13917	12046	10050	
795	16112	13918	12052	10049	
796	16118	13919	12051	10054	
797	16116	13916	12043	10052	
798	16113	13920	12047	10048	
799	16118	13921	12047	10050	
800	16119	13917	12048	10052	
801	16119	13914	12044	10053	
802	16114	13914	12049	10046	
803	16111	13916	12051	10049	
804	16112	13916	12047	10055	
805	16111	13914	12051	10058	
806	16116	13918	12048	10047	
807	16115	13919	12045	10054	
808	16111	13918	12048	10051	
809	16117	13918	12051	10051	
810	16118	13911	12047	10054	
811	16112	13919	12053	10056	
812	16115	13920	12046	10060	
813	16114	13918	12047	10051	
814	16111	13915	12050	10048	
815	16117	13919	12046	10049	
816	16116	13913	12048	10047	
817	16114	13917	12050	10055	
818	16113	13917	12044	10056	
819	16118	13920	12047	10051	
820	16115	13916	12048	10054	
821	16119	13915	12046	10052	
822	16115	13918	12041	10052	
823	16114	13915	12045	10056	
824	16119	13916	12044	10057	
825	16117	13917	12051	10053	
826	16115	13918	12053	10050	
827	16116	13911	12057	10052	
828	16121	13919	12048	10055	
829	16115	13916	12046	10053	
830	16118	13916	12053	10054	
831	16118	13915	12043	10057	
832	16116	13919	12046	10053	
833	16113	13917	12044	10056	
834	16113	13921	12051	10053	
835	16117	13919	12044	10058	
836	16112	13914	12053	10054	
837	16113	13917	12047	10053	
838	16112	13918	12051	10056	
839	16116	13919	12053	10050	
840	16118	13916	12050	10052	
841	16116	13917	12046	10056	
842	16117	13919	12047	10051	
843	16116	13915	12050	10052	
844	16116	13917	12049	10050	
845	16119	13917	12051	10054	
846	16115	13914	12048	10055	
847	16115	13919	12047	10050	
848	16116	13918	12045	10048	
849	16117	13911	12050	10053	
850	16120	13916	12050	10052	
851	16114	13926	12052	10056	
852	16114	13923	12051	10053	
853	16108	13920	12047	10053	
854	16112	13912	12049	10055	
855	16122	13919	12050	10052	
856	16116	13919	12046	10052	
857	16113	13917	12049	10049	
858	16113	13916	12046	10048	
859	16112	13917	12048	10056	
860	16117	13914	12047	10051	
861	16109	13911	12055	10049	
862	16115	13916	12051	10048	
863	16118	13917	12044	10049	
864	16113	13919	12051	10056	
865	16117	13919	12052	10055	
866	16113	13916	12052	10054	
867	16116	13922	12055	10054	
868	16117	13921	12047	10053	
869	16121	13911	12049	10051	
870	16116	13916	12049	10051	
871	16118	13918	12049	10048	
872	16113	13914	12049	10055	
873	16116	13914	12049	10052	
874	16119	13919	12058	10055	
875	16116	13918	12050	10057	
876	16114	13914	12049	10058	
877	16114	13915	12049	10050	
878	16116	13917	12053	10049	
879	16113	13916	12054	10054	
880	16109	13916	12050	10050	
881	16114	13917	12046	10052	
882	16117	13915	12042	10052	
883	16119	13920	12042	10050	
884	16114	13916	12048	10051	
885	16110	13911	12052	10058	
886	16117	13916	12049	10051	
887	16116	13916	12049	10054	
888	16110	13917	12045	10051	
889	16118	13918	12049	10052	
890	16121	13917	12047	10049	
891	16121	13915	12050	10050	
892	16114	13918	12049	10055	
893	16114	13920	12049	10051	
894	16115	13923	12047	10047	
895	16115	13921	12042	10053	
896	16117	13917	12046	10054	
897	16115	13911	12045	10050	
898	16120	13919	12046	10053	
899	16120	13919	12048	10058	
900	16116	13920	12048	10050	
901	16114	13917	12043	10056	
902	16116	13915	12047	10051	
903	16117	13918	12052	10054	
904	16114	13911	12048	10050	
905	16114	13912	12047	10050	
906	16117	13918	12049	10053	
907	16115	13920	12048	10052	
908	16107	13917	12045	10054	
909	16113	13915	12051	10053	
910	16113	13920	12049	10052	
911	16112	13918	12046	10055	
912	16118	13909	12045	10049	
913	16110	13915	12052	10048	
914	16113	13918	12047	10053	
915	16114	13919	12047	10054	
916	16114	13919	12047	10051	
917	16110	13916	12049	10046	
918	16117	13915	12045	10048	
919	16121	13920	12048	10056	
920	16122	13921	12055	10055	
921	16121	13914	12050	10053	
922	16116	13917	12044	10051	
923	16118	13919	12047	10048	
924	16115	13918	12043	10050	
925	16122	13920	12047	10055	
926	16116	13921	12046	10053	
927	16115	13920	12047	10051	
928	16119	13918	12052	10052	
929	16119	13913	12041	10048	
930	16116	13918	12043	10054	
931	16116	13920	12049	10055	
932	16120	13921	12048	10051	
933	16118	13918	12050	10048	
934	16114	13917	12049	10049	
935	16112	13918	12047	10053	
936	16115	13920	12051	10057	
937	16112	13919	12045	10052	
938	16116	13918	12045	10055	
939	16119	13916	12043	10052	
940	16117	13918	12046	10050	
941	16112	13917	12048	10055	
942	16120	13916	12047	10054	
943	16122	13911	12044	10050	
944	16116	13917	12047	10050	
945	16119	13914	12045	10049	
946	16116	13922	12048	10056	
947	16117	13913	12053	10053	
948	16121	13913	12047	10054	
949	16120	13919	12044	10046	
950	16116	13919	12043	10050	
951	16114	13918	12046	10051	
952	16115	13917	12052	10053	
953	16116	13917	12047	10052	
954	16120	13912	12042	10052	
955	16114	13915	12049	10050	
956	16116	13923	12051	10057	
957	16120	13918	12051	10050	
958	16117	13917	12050	10050	
959	16119	13922	12046	10048	
960	16120	13915	12051	10052	
961	16118	13920	12046	10056	
962	16120	13915	12048	10048	
963	16116	13914	12044	10051	
964	16119	13917	12050	10054	
965	16115	13914	12045	10054	
966	16116	13919	12045	10052	
967	16117	13908	12051	10050	
968	16118	13916	12047	10050	
969	16113	13917	12049	10052	
970	16113	13917	12045	10051	
971	16114	13922	12056	10053	
972	16115	13921	12047	10050	
973	16118	13922	12043	10054	
974	16117	13918	12045	10055	
975	16118	13913	12046	10054	
976	16117	13922	12047	10051	
977	16111	13913	12050	10049	
978	16118	13918	12046	10050	
979	16115	13916	12048	10049	
980	16116	13919	12048	10052	
981	16114	13920	12050	10054	
982	16117	13918	12050	10053	
983	16116	13914	12045	10054	
984	16116	13920	12049	10052	
985	16117	13920	12045	10049	
986	16119	13918	12051	10053	
987	16120	13915	12047	10054	
988	16117	13917	12050	10051	
989	16116	13915	12051	10051	
990	16120	13914	12046	10050	
991	16113	13915	12050	10056	
992	16117	13915	12040	10053	
993	16119	13912	12044	10051	
994	16112	13913	12045	10058	
995	16112	13916	12048	10054	
996	16118	13922	12044	10055	
997	16115	13917	12041	10051	
998	16119	13916	12042	10052	
999	16115	13919	12048	10052	
1000	16120	13920	12047	10056	
1001	16119	13917	12048	10049	
1002	16116	13916	12049	10048	
1003	16114	13912	12045	10053	
1004	16118	13917	12053	10054	
1005	16117	13917	12048	10054	
1006	16116	13916	12048	10051	
1007	16113	13920	12050	10055	
1008	16114	13914	12045	10050	
1009	16112	13915	12050	10051	
1010	16117	13917	12050	10055	
1011	16118	13919	12045	10048	
1012	16116	13920	12051	10054	
1013	16112	13915	12049	10057	
1014	16112	13914	12045	10052	
1015	16114	13920	12049	10049	
1016	16116	13921	12051	10052	
1017	16113	13911	12054	10052	
1018	16116	13916	12048	10051	
1019	16118	13918	12046	10054	
1020	16123	13919	12045	10057	
1021	16110	13917	12042	10049	
1022	16115	13913	12047	10056	
1023	16110	13913	12055	10052	
1024	16115	13916	12045	10053	
1025	16116	13915	12046	10051	
1026	16109	13920	12051	10049	
1027	16112	13924	12054	10054	
1028	16116	13919	12054	10046	
1029	16118	13919	12047	10054	
1030	16114	13918	12052	10059	
1031	16120	13916	12047	10052	
1032	16115	13914	12045	10046	
1033	16114	13925	12047	10053	
1034	16112	13921	12048	10052	
1035	16115	13915	12046	10055	
1036	16116	13918	12045	10053	
1037	16118	13913	12047	10050	
1038	16116	13922	12049	10050	
1039	16120	13918	12051	10051	
1040	16112	13924	12046	10047	
1041	16117	13915	12049	10055	
1042	16113	13916	12049	10051	
1043	16111	13913	12050	10048	
1044	16119	13922	12051	10051	
1045	16111	13916	12045	10057	
1046	16117	13919	12050	10056	
1047	16119	13919	12050	10050	
1048	16116	13918	12050	10054	
1049	16111	13918	12046	10051	
1050	16125	13918	12047	10070	
1051	16108	13918	12056	10063	
1052	15902	13914	12044	9783	
1053	15550	13922	12047	9293	
1054	15065	13917	12051	8720	
1055	14540	13917	12059	8094	
1056	14061	13919	12052	7541	
1057	13563	13910	12058	6959	
1058	13136	13913	12055	6460	
1059	12726	13916	12049	5985	
1060	12417	13916	12059	5549	
1061	12132	13919	12056	5180	
1062	11904	13916	12061	4860	
1063	11719	13921	12060	4633	
1064	11593	13920	12064	4587	
1065	11552	13920	12063	4666	
1066	11550	13915	12058	4756	
1067	11559	13920	12064	4791	
1068	11578	13917	12061	4781	
1069	11593	13920	12062	4727	
1070	11617	13916	12064	4651	
1071	11636	13920	12055	4591	
1072	11652	13918	12057	4535	
1073	11670	13923	12059	4487	
1074	11682	13921	12055	4439	
1075	11689	13923	12053	4403	
1076	11698	13924	12049	4361	
1077	11693	13922	12048	4295	
1078	11677	13920	12047	4226	
1079	11651	13920	12049	4185	
1080	11644	13921	12047	4153	
1081	11636	13920	12045	4121	
1082	11624	13924	12049	4099	
1083	11614	13925	12042	4072	
1084	11600	13920	12039	4048	
1085	11592	13926	12039	4035	
1086	11577	13921	12046	4016	
1087	11569	13919	12043	4011	
1088	11565	13920	12041	3991	
1089	11561	13918	12042	3975	
1090	11556	13918	12051	3974	
1091	11552	13922	12043	3960	
1092	11552	13923	12043	3952	
1093	11548	13922	12042	3934	
1094	11544	13918	12048	3931	
1095	11547	13916	12047	3913	
1096	11550	13915	12049	3899	
1097	11547	13922	12049	3886	
1098	11549	13922	12049	3875	
1099	11547	13923	12049	3866	
1100	11548	13921	12052	3855	
1101	11544	13919	12049	3837	
1102	11542	13920	12051	3828	
1103	11542	13927	12051	3826	
1104	11539	13926	12049	3817	
1105	11543	13921	12043	3808	
1106	11528	13920	12047	3803	
1107	11530	13918	12051	3785	
1108	11529	13923	12052	3779	
1109	11534	13918	12048	3769	
1110	11526	13918	12046	3761	
1111	11525	13919	12050	3764	
1112	11520	13917	12045	3755	
1113	11518	13918	12052	3747	
1114	11516	13922	12049	3750	
1115	11514	13921	12052	3750	
1116	11519	13919	12052	3749	
1117	11511	13913	12049	3741	
1118	11508	13923	12046	3737	
1119	11500	13919	12046	3736	
1120	11501	13918	12050	3720	
1121	11504	13918	12053	3714	
1122	11500	13923	12052	3711	
1123	11501	13916	12046	3693	
1124	11495	13922	12049	3691	
1125	11490	13922	12041	3691	
1126	11489	13920	12051	3681	
1127	11480	13917	12048	3675	
1128	11477	13918	12051	3661	
1129	11470	13923	12044	3659	
1130	11472	13918	12049	3654	
1131	11474	13918	12053	3647	
1132	11468	13915	12045	3636	
1133	11473	13916	12054	3632	
1134	11465	13918	12048	3617	
1135	11469	13919	12051	3610	
1136	11467	13920	12047	3606	
1137	11469	13917	12047	3599	
1138	11467	13920	12046	3593	
1139	11469	13914	12045	3592	
1140	11466	13917	12046	3589	
1141	11467	13914	12047	3591	
1142	11472	13918	12047	3586	
1143	11461	13917	12043	3581	
1144	11465	13915	12052	3576	
1145	11460	13915	12046	3572	
1146	11460	13916	12048	3570	
1147	11467	13918	12045	3565	
1148	11465	13923	12048	3556	
1149	11466	13917	12052	3556	
1150	11461	13917	12049	3554	
1151	11467	13920	12041	3553	
1152	11468	13929	12044	3553	
1153	11471	13922	12051	3546	
1154	11461	13916	12051	3549	
1155	11462	13912	12049	3549	
1156	11459	13921	12047	3545	
1157	11454	13917	12050	3531	
1158	11460	13919	12048	3525	
1159	11461	13917	12049	3511	
1160	11460	13920	12046	3501	
1161	11459	13917	12047	3497	
1162	11460	13913	12047	3494	
1163	11456	13918	12045	3496	
1164	11456	13914	12049	3486	
1165	11455	13917	12053	3483	
1166	11455	13917	12052	3483	
1167	11455	13922	12048	3479	
1168	11457	13920	12041	3476	
1169	11458	13918	12051	3479	
1170	11459	13919	12047	3473	
1171	11463	13918	12052	3461	
1172	11458	13922	12045	3463	
1173	11455	13921	12051	3462	
1174	11458	13917	12043	3460	
1175	11463	13921	12047	3456	
1176	11457	13919	12045	3450	
1177	11458	13920	12049	3458	
1178	11459	13922	12048	3458	
1179	11456	13918	12053	3453	
1180	11455	13922	12046	3451	
1181	11465	13920	12050	3449	
1182	11461	13918	12051	3441	
1183	11461	13918	12046	3438	
1184	11458	13917	12049	3433	
1185	11457	13919	12051	3437	
1186	11457	13919	12040	3434	
1187	11457	13914	12047	3430	
1188	11452	13915	12048	3426	
1189	11451	13923	12050	3427	
1190	11456	13919	12048	3426	
1191	11448	13917	12050	3421	
1192	11451	13916	12048	3420	
1193	11445	13917	12051	3413	
1194	11448	13918	12046	3408	
1195	11451	13922	12047	3402	
1196	11447	13920	12046	3394	
1197	11443	13924	12047	3386	
1198	11444	13917	12047	3380	
1199	11444	13913	12048	3380	
1200	11444	13917	12049	3375	
1201	11441	13922	12048	3377	
1202	11439	13919	12047	3369	
1203	11439	13920	12051	3369	
1204	11439	13924	12050	3370	
1205	11438	13920	12042	3373	
1206	11440	13918	12051	3371	
1207	11436	13918	12057	3368	
1208	11437	13921	12047	3368	
1209	11431	13921	12052	3366	
1210	11433	13919	12047	3359	
1211	11435	13920	12049	3354	
1212	11433	13921	12044	3354	
1213	11435	13915	12053	3355	
1214	11431	13914	12051	3357	
1215	11424	13918	12050	3356	
1216	11434	13917	12049	3349	
1217	11432	13917	12046	3349	
1218	11435	13916	12047	3344	
1219	11429	13920	12047	3336	
1220	11435	13919	12051	3336	
1221	11434	13926	12047	3334	
1222	11426	13916	12048	3332	
1223	11429	13915	12046	3327	
1224	11439	13916	12050	3329	
1225	11433	13917	12046	3327	
1226	11439	13920	12046	3325	
1227	11430	13919	12049	3318	
1228	11435	13919	12048	3314	
1229	11432	13916	12050	3308	
1230	11432	13919	12050	3305	
1231	11433	13922	12042	3306	
1232	11435	13917	12044	3303	
1233	11431	13917	12048	3304	
1234	11432	13913	12052	3297	
1235	11431	13918	12050	3296	
1236	11432	13923	12052	3288	
1237	11434	13916	12046	3283	
1238	11430	13921	12045	3274	
1239	11434	13920	12050	3273	
1240	11428	13913	12051	3270	
1241	11427	13919	12048	3270	
1242	11430	13917	12046	3267	
1243	11425	13917	12053	3269	
1244	11426	13920	12046	3267	
1245	11425	13919	12046	3265	
1246	11422	13916	12046	3254	
1247	11423	13916	12046	3252	
1248	11414	13914	12043	3247	
1249	11416	13919	12048	3250	
1250	11418	13917	12048	3248	
1251	11415	13916	12049	3236	
1252	11413	13922	12048	3234	
1253	11410	13921	12048	3232	
1254	11402	13917	12046	3230	
1255	11401	13921	12045	3229	
1256	11402	13921	12043	3227	
1257	11401	13914	12041	3228	
1258	11396	13916	12053	3226	
1259	11396	13915	12051	3230	
1260	11395	13913	12047	3229	
1261	11398	13913	12050	3225	
1262	11397	13916	12049	3223	
1263	11404	13916	12053	3214	
1264	11400	13913	12055	3198	
1265	11404	13916	12048	3189	
1266	11396	13917	12045	3185	
1267	11399	13916	12042	3177	
1268	11394	13922	12051	3171	
1269	11398	13915	12042	3164	
1270	11396	13915	12055	3159	
1271	11394	13919	12042	3164	
1272	11393	13919	12049	3158	
1273	11396	13916	12048	3156	
1274	11397	13921	12048	3141	
1275	11399	13925	12039	3145	
1276	11396	13919	12045	3139	
1277	11393	13915	12047	3145	
1278	11393	13920	12052	3137	
1279	11391	13918	12047	3137	
1280	11394	13918	12046	3139	
1281	11393	13921	12044	3137	
1282	11399	13917	12051	3137	
1283	11395	13919	12048	3140	
1284	11390	13921	12044	3140	
1285	11387	13925	12050	3136	
1286	11391	13918	12047	3140	
1287	11385	13920	12046	3136	
1288	11382	13919	12052	3137	
1289	11380	13919	12054	3134	
1290	11372	13924	12045	3133	
1291	11372	13921	12052	3132	
1292	11362	13916	12054	3130	
1293	11360	13917	12048	3130	
1294	11363	13920	12051	3131	
1295	11360	13923	12048	3130	
1296	11360	13921	12051	3129	
1297	11360	13916	12049	3129	
1298	11368	13917	12047	3125	
1299	11367	13917	12052	3122	
1300	11362	13917	12041	3125	
1301	11366	13918	12047	3128	
1302	11363	13918	12043	3126	
1303	11364	13913	12048	3127	
1304	11368	13915	12050	3126	
1305	11371	13913	12046	3131	
1306	11368	13923	12052	3125	
1307	11373	13921	12047	3126	
1308	11368	13916	12046	3130	
1309	11368	13916	12047	3129	
1310	11369	13919	12046	3125	
1311	11366	13921	12049	3128	
1312	11365	13917	12053	3127	
1313	11365	13917	12051	3126	
1314	11366	13912	12049	3126	
1315	11369	13919	12047	3118	
1316	11366	13919	12051	3118	
1317	11361	13920	12048	3124	
1318	11363	13921	12048	3126	
1319	11354	13921	12047	3124	
1320	11355	13919	12048	3123	
1321	11360	13918	12048	3128	
1322	11363	13920	12049	3131	
1323	11359	13918	12050	3121	
1324	11359	13920	12051	3128	
1325	11355	13917	12045	3122	
1326	11356	13920	12050	3122	
1327	11357	13918	12049	3121	
1328	11362	13922	12051	3122	
1329	11361	13919	12048	3120	
1330	11365	13922	12050	3121	
1331	11360	13916	12049	3120	
1332	11359	13919	12048	3118	
1333	11365	13919	12043	3114	
1334	11360	13919	12048	3106	
1335	11361	13919	12044	3107	
1336	11355	13915	12052	3114	
1337	11355	13918	12044	3106	
1338	11361	13917	12045	3106	
1339	11362	13918	12045	3108	
1340	11353	13921	12052	3109	
1341	11354	13925	12055	3108	
1342	11361	13918	12051	3109	
1343	11357	13917	12045	3105	
1344	11359	13919	12051	3107	
1345	11357	13917	12046	3111	
1346	11356	13919	12047	3108	
1347	11354	13922	12049	3103	
1348	11352	13918	12046	3099	
1349	11352	13921	12052	3097	
1350	11358	13921	12050	3095	
1351	11358	13919	12057	3098	
1352	11350	13922	12053	3099	
1353	11351	13919	12050	3091	
1354	11355	13919	12044	3090	
1355	11358	13921	12047	3084	
1356	11353	13919	12044	3077	
1357	11350	13921	12052	3078	
1358	11350	13913	12052	3077	
1359	11352	13924	12044	3078	
1360	11353	13919	12044	3074	
1361	11354	13919	12047	3074	
1362	11355	13918	12050	3078	
1363	11357	13922	12047	3074	
1364	11359	13921	12050	3070	
1365	11347	13914	12049	3075	
1366	11352	13917	12048	3073	
1367	11350	13916	12047	3068	
1368	11353	13918	12055	3062	
1369	11355	13919	12050	3065	
1370	11355	13917	12052	3062	
1371	11360	13917	12048	3065	
1372	11358	13915	12052	3068	
1373	11351	13921	12048	3065	
1374	11352	13918	12053	3068	
1375	11351	13924	12048	3066	
1376	11351	13922	12046	3061	
1377	11348	13919	12049	3061	
1378	11352	13914	12046	3062	
1379	11347	13920	12045	3062	
1380	11346	13916	12049	3065	
1381	11349	13921	12050	3063	
1382	11347	13925	12044	3061	
1383	11350	13923	12050	3063	
1384	11350	13926	12048	3059	
1385	11353	13919	12046	3059	
1386	11353	13919	12048	3052	
1387	11348	13919	12047	3053	
1388	11347	13922	12049	3050	
1389	11352	13923	12047	3053	
1390	11353	13922	12048	3051	
1391	11352	13919	12047	3053	
1392	11351	13921	12045	3049	
1393	11356	13921	12047	3043	
1394	11349	13921	12046	3043	
1395	11350	13917	12048	3049	
1396	11350	13916	12050	3046	
1397	11348	13919	12046	3054	
1398	11350	13922	12046	3049	
1399	11352	13925	12051	3050	
1400	11349	13921	12053	3052	
1401	11353	13916	12049	3051	
1402	11351	13920	12044	3047	
1403	11348	13914	12042	3042	
1404	11352	13922	12046	3043	
1405	11347	13914	12054	3040	
1406	11346	13920	12052	3050	
1407	11351	13919	12046	3046	
1408	11355	13920	12046	3040	
1409	11349	13923	12046	3039	
1410	11354	13920	12045	3041	
1411	11351	13919	12046	3045	
1412	11345	13918	12048	3042	
1413	11348	13920	12047	3045	
1414	11349	13920	12049	3040	
1415	11347	13919	12049	3040	
1416	11344	13919	12051	3036	
1417	11352	13911	12052	3039	
1418	11354	13917	12049	3038	
1419	11348	13921	12041	3033	
1420	11349	13922	12045	3034	
1421	11350	13922	12049	3032	
1422	11357	13920	12047	3032	
1423	11354	13920	12047	3035	
1424	11357	13920	12046	3030	
1425	11350	13921	12052	3030	
1426	11352	13919	12046	3032	
1427	11358	13923	12043	3035	
1428	11358	13920	12048	3030	
1429	11348	13922	12046	3029	
1430	11353	13921	12051	3025	
1431	11350	13917	12050	3023	
1432	11352	13919	12050	3022	
1433	11358	13914	12046	3022	
1434	11353	13922	12047	3026	
1435	11355	13918	12049	3026	
1436	11356	13920	12051	3023	
1437	11352	13924	12053	3023	
1438	11353	13921	12053	3027	
1439	11353	13921	12052	3026	
1440	11352	13919	12045	3029	
1441	11355	13920	12051	3029	
1442	11355	13918	12050	3029	
1443	11356	13922	12052	3025	
1444	11358	13915	12044	3026	
1445	11357	13919	12052	3031	
1446	11359	13920	12048	3029	
1447	11358	13920	12049	3028	
1448	11356	13916	12051	3027	
1449	11352	13919	12051	3031	
1450	11352	13919	12043	3030	
1451	11356	13919	12052	3031	
1452	11351	13920	12049	3029	
1453	11358	13915	12042	3026	
1454	11357	13922	12046	3033	
1455	11353	13922	12053	3030	
1456	11347	13919	12046	3024	
1457	11357	13921	12051	3035	
1458	11352	13922	12051	3025	
1459	11349	13913	12047	3025	
1460	11350	13917	12049	3031	
1461	11349	13915	12046	3022	
1462	11351	13917	12052	3026	
1463	11345	13921	12051	3021	
1464	11339	13920	12050	3026	
1465	11343	13923	12048	3022	
1466	11346	13919	12046	3017	
1467	11348	13912	12054	3017	
1468	11347	13917	12048	3009	
1469	11344	13918	12048	3012	
1470	11350	13919	12043	3007	
1471	11353	13922	12048	3007	
1472	11346	13918	12045	3004	
1473	11341	13919	12048	3003	
1474	11342	13920	12050	3005	
1475	11346	13919	12049	3002	
1476	11347	13919	12050	3001	
1477	11347	13918	12047	3003	
1478	11343	13920	12045	3003	
1479	11343	13918	12046	3000	
1480	11343	13919	12047	3003	
1481	11342	13919	12039	2996	
1482	11337	13916	12049	2994	
1483	11339	13918	12047	2996	
1484	11336	13924	12047	2997	
1485	11340	13922	12048	3000	
1486	11341	13919	12046	2997	
1487	11345	13925	12051	2998	
1488	11342	13918	12046	2993	
1489	11342	13915	12046	2987	
1490	11338	13920	12048	2993	
1491	11336	13919	12047	2995	
1492	11337	13918	12051	2990	
1493	11335	13917	12051	2987	
1494	11333	13923	12050	2989	
1495	11340	13920	12050	2980	
1496	11333	13919	12048	2981	
1497	11336	13921	12044	2978	
1498	11338	13918	12047	2971	
1499	11339	13926	12045	2967	
1500	11336	13920	12052	2961	
1501	11332	13920	12049	2970	
1502	11336	13921	12044	2960	
1503	11330	13918	12049	2959	
1504	11335	13918	12043	2964	
1505	11333	13919	12044	2963	
1506	11340	13920	12046	2967	
1507	11336	13917	12051	2965	
1508	11337	13921	12048	2967	
1509	11333	13921	12050	2963	
1510	11334	13914	12049	2951	
1511	11336	13923	12051	2964	
1512	11330	13920	12054	2957	
1513	11331	13915	12047	2951	
1514	11337	13918	12047	2955	
1515	11329	13920	12052	2954	
1516	11338	13915	12049	2954	
1517	11332	13914	12044	2942	
1518	11330	13919	12041	2943	
1519	11329	13920	12045	2937	
1520	11328	13922	12054	2942	
1521	11334	13917	12050	2935	
1522	11325	13923	12044	2930	
1523	11328	13919	12050	2931	
1524	11328	13917	12044	2932	
1525	11322	13921	12048	2932	
1526	11327	13914	12044	2923	
1527	11329	13920	12051	2925	
1528	11333	13915	12052	2930	
1529	11332	13922	12049	2934	
1530	11331	13916	12052	2925	
1531	11332	13920	12045	2922	
1532	11327	13922	12038	2925	
1533	11330	13924	12048	2924	
1534	11331	13917	12050	2921	
1535	11332	13916	12046	2921	
1536	11332	13920	12048	2925	
1537	11326	13921	12049	2923	
1538	11330	13918	12048	2917	
1539	11328	13920	12051	2923	
1540	11334	13914	12047	2916	
1541	11333	13926	12050	2911	
1542	11330	13916	12048	2913	
1543	11333	13916	12053	2915	
1544	11332	13923	12051	2912	
1545	11332	13924	12049	2920	
1546	11334	13916	12053	2918	
1547	11335	13923	12045	2914	
1548	11336	13919	12051	2910	
1549	11339	13919	12052	2915	
1550	11332	13915	12045	2910	
1551	11336	13918	12049	2914	
1552	11333	13922	12050	2915	
1553	11336	13923	12052	2916	
1554	11342	13920	12045	2916	
1555	11335	13917	12045	2914	
1556	11338	13920	12047	2914	
1557	11333	13925	12049	2918	
1558	11330	13921	12055	2913	
1559	11336	13916	12053	2923	
1560	11339	13913	12049	2922	
1561	11334	13917	12052	2923	
1562	11335	13920	12056	2919	
1563	11337	13915	12049	2917	
1564	11327	13918	12049	2920	
1565	11337	13917	12047	2919	
1566	11338	13919	12046	2914	
1567	11338	13922	12050	2919	
1568	11332	13914	12048	2922	
1569	11333	13918	12046	2914	
1570	11332	13917	12051	2918	
1571	11336	13918	12051	2919	
1572	11340	13916	12050	2916	
1573	11334	13919	12046	2919	
1574	11331	13916	12044	2918	
1575	11331	13921	12048	2912	
1576	11330	13917	12050	2912	
1577	11332	13916	12045	2916	
1578	11335	13920	12051	2913	
1579	11328	13919	12045	2912	
1580	11329	13925	12047	2912	
1581	11331	13920	12045	2917	
1582	11325	13914	12045	2908	
1583	11331	13923	12046	2904	
1584	11334	13928	12046	2909	
1585	11335	13923	12042	2904	
1586	11339	13919	12049	2910	
1587	11334	13917	12047	2912	
1588	11336	13925	12048	2898	
1589	11334	13923	12046	2896	
1590	11336	13918	12046	2902	
1591	11332	13927	12050	2904	
1592	11331	13921	12051	2904	
1593	11332	13922	12051	2908	
1594	11333	13917	12048	2901	
1595	11336	13917	12045	2901	
1596	11334	13920	12046	2903	
1597	11332	13923	12046	2899	
1598	11333	13922	12049	2897	
1599	11334	13918	12046	2903	
1600	11336	13921	12046	2906	
1601	11334	13918	12051	2902	
1602	11338	13921	12047	2902	
1603	11332	13918	12049	2904	
1604	11335	13918	12043	2903	
1605	11335	13922	12051	2904	
1606	11335	13916	12052	2902	
1607	11330	13919	12045	2899	
1608	11335	13918	12048	2903	
1609	11331	13923	12051	2908	
1610	11334	13921	12049	2904	
1611	11337	13921	12044	2905	
1612	11336	13918	12039	2905	
1613	11337	13914	12044	2898	
1614	11336	13923	12047	2899	
1615	11338	13928	12047	2903	
1616	11335	13922	12048	2898	
1617	11338	13919	12046	2894	
1618	11333	13915	12054	2898	
1619	11332	13923	12049	2888	
1620	11327	13918	12050	2891	
1621	11329	13923	12045	2893	
1622	11334	13919	12052	2898	
1623	11327	13921	12047	2895	
1624	11329	13915	12050	2895	
1625	11331	13919	12047	2890	
1626	11333	13919	12050	2887	
1627	11330	13915	12054	2887	
1628	11332	13918	12046	2890	
1629	11332	13915	12044	2887	
1630	11331	13919	12048	2886	
1631	11333	13923	12053	2884	
1632	11330	13923	12049	2885	
1633	11337	13920	12049	2886	
1634	11339	13920	12050	2885	
1635	11333	13922	12048	2883	
1636	11331	13923	12045	2883	
1637	11327	13919	12046	2883	
1638	11336	13915	12049	2886	
1639	11335	13917	12048	2881	
1640	11336	13926	12049	2882	
1641	11336	13921	12042	2882	
1642	11332	13921	12044	2883	
1643	11335	13926	12047	2879	
1644	11332	13919	12046	2883	
1645	11334	13919	12045	2885	
1646	11336	13922	12045	2887	
1647	11335	13919	12044	2877	
1648	11336	13921	12048	2885	
1649	11336	13912	12047	2879	
1650	11340	13925	12049	2880	
1651	11338	13924	12043	2883	
1652	11340	13924	12048	2877	
1653	11332	13917	12049	2882	
1654	11333	13917	12045	2879	
1655	11337	13923	12044	2882	
1656	11338	13922	12044	2883	
1657	11340	13919	12039	2881	
1658	11338	13923	12046	2877	
1659	11335	13918	12053	2878	
1660	11342	13921	12045	2876	
1661	11339	13919	12045	2882	
1662	11336	13920	12048	2880	
1663	11341	13920	12052	2875	
1664	11340	13916	12048	2882	
1665	11338	13918	12048	2876	
1666	11339	13919	12048	2877	
1667	11337	13915	12047	2876	
1668	11339	13916	12052	2878	
1669	11339	13926	12045	2874	
1670	11343	13924	12048	2878	
1671	11338	13920	12045	2876	
1672	11341	13918	12052	2877	
1673	11338	13920	12053	2871	
1674	11337	13919	12053	2869	
1675	11335	13917	12052	2873	
1676	11343	13920	12053	2872	
1677	11338	13918	12050	2874	
1678	11338	13924	12040	2870	
1679	11338	13918	12046	2871	
1680	11342	13923	12043	2874	
1681	11337	13915	12043	2869	
1682	11337	13918	12045	2874	
1683	11342	13922	12044	2884	
1684	11342	13922	12049	2876	
1685	11340	13923	12048	2880	
1686	11339	13918	12048	2870	
1687	11345	13917	12046	2869	
1688	11345	13920	12050	2869	
1689	11343	13918	12051	2870	
1690	11338	13923	12054	2867	
1691	11347	13926	12046	2871	
1692	11340	13920	12050	2863	
1693	11342	13921	12050	2864	
1694	11344	13921	12048	2862	
1695	11345	13924	12045	2864	
1696	11345	13924	12056	2860	
1697	11342	13923	12047	2856	
1698	11344	13917	12042	2854	
1699	11344	13921	12043	2857	
1700	11346	13922	12049	2859	
1701	11343	13912	12047	2858	
1702	11348	13922	12051	2856	
1703	11345	13921	12038	2859	
1704	11347	13915	12044	2856	
1705	11343	13923	12046	2861	
1706	11344	13921	12047	2859	
1707	11351	13917	12050	2861	
1708	11345	13920	12046	2862	
1709	11345	13922	12041	2862	
1710	11348	13921	12046	2860	
1711	11349	13918	12053	2857	
1712	11342	13917	12041	2854	
1713	11355	13916	12042	2858	
1714	11352	13918	12049	2859	
1715	11345	13921	12052	2859	
1716	11351	13916	12050	2862	
1717	11349	13920	12046	2856	
1718	11355	13913	12048	2858	
1719	11349	13922	12049	2852	
1720	11352	13913	12041	2860	
1721	11351	13915	12044	2854	
1722	11345	13913	12049	2857	
1723	11352	13918	12049	2854	
1724	11351	13918	12046	2855	
1725	11349	13918	12049	2855	
1726	11349	13918	12047	2855	
1727	11347	13924	12053	2860	
1728	11349	13915	12048	2860	
1729	11353	13919	12045	2852	
1730	11350	13919	12045	2858	
1731	11351	13925	12047	2859	
1732	11353	13920	12048	2860	
1733	11348	13916	12043	2855	
1734	11347	13916	12049	2854	
1735	11351	13920	12044	2852	
1736	11348	13915	12050	2849	
1737	11343	13924	12052	2845	
1738	11348	13922	12046	2837	
1739	11343	13925	12046	2840	
1740	11348	13919	12046	2839	
1741	11357	13922	12049	2835	
1742	11354	13921	12051	2838	
1743	11350	13926	12056	2843	
1744	11348	13918	12054	2843	
1745	11353	13920	12055	2845	
1746	11354	13921	12050	2838	
1747	11354	13920	12045	2838	
1748	11354	13921	12046	2842	
1749	11353	13920	12052	2841	
1750	11354	13921	12047	2836	
1751	11353	13923	12040	2836	
1752	11353	13920	12049	2837	
1753	11352	13917	12044	2835	
1754	11356	13919	12048	2836	
1755	11356	13923	12054	2837	
1756	11356	13919	12047	2829	
1757	11355	13920	12050	2830	
1758	11358	13924	12047	2836	
1759	11354	13920	12053	2834	
1760	11355	13923	12042	2832	
1761	11353	13919	12046	2837	
1762	11356	13919	12050	2838	
1763	11359	13925	12052	2831	
1764	11353	13922	12046	2834	
1765	11357	13919	12056	2831	
1766	11355	13917	12049	2829	
1767	11358	13913	12045	2817	
1768	11355	13919	12049	2806	
1769	11351	13926	12045	2805	
1770	11355	13926	12049	2806	
1771	11362	13919	12047	2802	
1772	11352	13919	12050	2800	
1773	11354	13921	12050	2797	
1774	11356	13924	12050	2797	
1775	11358	13917	12049	2799	
1776	11361	13920	12042	2796	
1777	11360	13921	12042	2793	
1778	11360	13915	12044	2790	
1779	11358	13920	12050	2790	
1780	11356	13918	12053	2796	
1781	11354	13920	12047	2790	
1782	11352	13923	12050	2795	
1783	11360	13928	12045	2798	
1784	11359	13917	12046	2791	
1785	11359	13917	12048	2790	
1786	11359	13917	12047	2791	
1787	11358	13914	12046	2796	
1788	11356	13923	12050	2793	
1789	11359	13914	12047	2794	
1790	11360	13918	12049	2795	
1791	11362	13916	12050	2795	
1792	11360	13918	12046	2791	
1793	11361	13921	12046	2791	
1794	11363	13922	12045	2792	
1795	11364	13919	12045	2793	
1796	11359	13921	12044	2791	
1797	11365	13920	12047	2791	
1798	11360	13915	12047	2788	
1799	11362	13919	12042	2792	
1800	11363	13922	12047	2793	
1801	11360	13921	12044	2789	
1802	11355	13921	12052	2792	
1803	11363	13917	12043	2792	
1804	11363	13926	12049	2793	
1805	11359	13924	12043	2794	
1806	11357	13919	12046	2795	
1807	11356	13919	12045	2793	
1808	11355	13916	12044	2788	
1809	11357	13922	12046	2796	
1810	11356	13918	12049	2800	
1811	11357	13920	12048	2796	
1812	11356	13914	12044	2794	
1813	11355	13921	12042	2794	
1814	11357	13917	12050	2794	
1815	11354	13918	12051	2795	
1816	11357	13917	12054	2789	
1817	11365	13920	12047	2797	
1818	11360	13923	12047	2788	
1819	11362	13922	12049	2793	
1820	11362	13921	12045	2790	
1821	11359	13916	12048	2785	
1822	11358	13917	12047	2784	
1823	11360	13920	12044	2782	
1824	11359	13922	12048	2786	
1825	11353	13917	12048	2787	
1826	11362	13920	12048	2786	
1827	11367	13921	12049	2788	
1828	11360	13919	12045	2781	
1829	11357	13919	12047	2787	
1830	11355	13923	12055	2783	
1831	11359	13921	12050	2788	
1832	11356	13921	12045	2787	
1833	11359	13923	12049	2781	
1834	11357	13924	12046	2779	
1835	11358	13919	12047	2781	
1836	11366	13919	12045	2782	
1837	11357	13918	12045	2783	
1838	11354	13918	12041	2783	
1839	11356	13923	12047	2782	
1840	11357	13925	12048	2779	
1841	11359	13921	12050	2778	
1842	11360	13912	12053	2782	
1843	11362	13918	12050	2780	
1844	11362	13919	12056	2780	
1845	11363	13920	12047	2773	
1846	11363	13921	12051	2776	
1847	11359	13925	12046	2781	
1848	11358	13923	12046	2774	
1849	11355	13925	12050	2775	
1850	11362	13920	12047	2776	
1851	11365	13919	12048	2770	
1852	11365	13919	12048	2773	
1853	11360	13916	12053	2767	
1854	11358	13917	12046	2772	
1855	11360	13926	12048	2766	
1856	11359	13920	12042	2748	
1857	11364	13927	12045	2739	
1858	11363	13916	12051	2735	
1859	11363	13925	12052	2728	
1860	11362	13916	12044	2727	
1861	11363	13922	12049	2722	
1862	11359	13923	12052	2720	
1863	11358	13917	12052	2722	
1864	11354	13920	12048	2719	
1865	11351	13921	12050	2717	
1866	11351	13926	12051	2715	
1867	11355	13922	12046	2714	
1868	11351	13920	12049	2714	
1869	11357	13919	12048	2721	
1870	11360	13924	12044	2723	
1871	11355	13923	12046	2719	
1872	11351	13923	12044	2720	
1873	11354	13922	12048	2719	
1874	11353	13923	12046	2720	
1875	11356	13921	12045	2719	
1876	11354	13916	12042	2720	
1877	11362	13922	12047	2722	
1878	11358	13920	12053	2718	
1879	11359	13919	12053	2721	
1880	11359	13918	12046	2725	
1881	11359	13920	12050	2722	
1882	11358	13919	12050	2720	
1883	11360	13926	12049	2723	
1884	11354	13923	12046	2723	
1885	11355	13918	12047	2725	
1886	11362	13921	12052	2728	
1887	11358	13926	12049	2721	
1888	11357	13921	12050	2727	
1889	11359	13924	12048	2729	
1890	11358	13921	12048	2728	
1891	11359	13920	12048	2722	
1892	11358	13918	12049	2727	
1893	11360	13919	12047	2726	
1894	11362	13921	12045	2728	
1895	11361	13924	12049	2733	
1896	11363	13920	12054	2733	
1897	11358	13925	12046	2729	
1898	11361	13919	12045	2735	
1899	11361	13921	12045	2734	
1900	11364	13919	12055	2731	
1901	11360	13921	12046	2736	
1902	11358	13920	12050	2731	
1903	11358	13921	12049	2731	
1904	11361	13922	12044	2736	
1905	11356	13921	12058	2736	
1906	11363	13924	12054	2734	
1907	11364	13920	12048	2734	
1908	11361	13928	12046	2732	
1909	11370	13922	12042	2739	
1910	11361	13921	12048	2736	
1911	11364	13921	12052	2735	
1912	11364	13919	12052	2740	
1913	11361	13920	12053	2741	
1914	11363	13922	12048	2739	
1915	11358	13922	12048	2736	
1916	11360	13921	12050	2737	
1917	11353	13922	12050	2737	
1918	11355	13921	12052	2732	
1919	11349	13923	12048	2730	
1920	11354	13922	12047	2734	
1921	11355	13920	12046	2737	
1922	11352	13920	12048	2736	
1923	11353	13918	12047	2733	
1924	11354	13917	12049	2732	
1925	11351	13922	12048	2735	
1926	11351	13920	12052	2737	
1927	11355	13916	12048	2731	
1928	11354	13919	12048	2734	
1929	11351	13922	12050	2738	
1930	11350	13921	12048	2734	
1931	11347	13916	12050	2734	
1932	11350	13915	12045	2735	
1933	11351	13919	12047	2734	
1934	11354	13922	12050	2737	
1935	11346	13924	12045	2739	
1936	11349	13917	12050	2735	
1937	11350	13919	12049	2725	
1938	11345	13924	12048	2724	
1939	11346	13926	12054	2726	
1940	11342	13918	12049	2721	
1941	11350	13924	12052	2721	
1942	11339	13926	12050	2719	
1943	11344	13920	12045	2718	
1944	11347	13921	12049	2714	
1945	11346	13922	12045	2711	
1946	11346	13924	12047	2710	
1947	11342	13921	12044	2705	
1948	11348	13927	12048	2712	
1949	11346	13915	12049	2710	
1950	11344	13922	12052	2709	
1951	11346	13920	12046	2708	
1952	11354	13921	12047	2709	
1953	11351	13917	12051	2703	
1954	11347	13917	12052	2700	
1955	11346	13923	12048	2707	
1956	11354	13920	12052	2703	
1957	11350	13919	12052	2704	
1958	11348	13920	12050	2706	
1959	11352	13925	12048	2703	
1960	11357	13926	12046	2699	
1961	11351	13922	12048	2703	
1962	11350	13917	12045	2696	
1963	11354	13920	12051	2700	
1964	11352	13923	12045	2706	
1965	11351	13923	12049	2702	
1966	11349	13926	12047	2702	
1967	11354	13925	12046	2699	
1968	11350	13924	12049	2697	
1969	11354	13919	12050	2699	
1970	11356	13917	12048	2699	
1971	11356	13925	12046	2702	
1972	11355	13926	12048	2694	
1973	11349	13922	12052	2697	
1974	11352	13925	12044	2694	
1975	11355	13923	12047	2694	
1976	11352	13920	12049	2703	
1977	11349	13924	12046	2695	
1978	11350	13917	12046	2698	
1979	11355	13924	12044	2697	
1980	11360	13923	12053	2687	
1981	11349	13920	12046	2691	
1982	11355	13921	12050	2694	
1983	11356	13921	12048	2694	
1984	11357	13920	12053	2687	
1985	11360	13924	12045	2692	
1986	11358	13923	12048	2691	
1987	11359	13926	12050	2698	
1988	11349	13918	12048	2695	
1989	11356	13917	12049	2691	
1990	11348	13917	12043	2689	
1991	11354	13919	12045	2695	
1992	11354	13920	12048	2683	
1993	11352	13920	12050	2686	
1994	11362	13921	12049	2683	
1995	11358	13921	12050	2686	
1996	11353	13919	12047	2688	
1997	11357	13920	12046	2681	
1998	11359	13921	12052	2684	
1999	11355	13919	12049	2689	
2000	11355	13919	12050	2685	
2001	11359	13921	12046	2684	
2002	11353	13922	12046	2684	
2003	11361	13927	12044	2685	
2004	11361	13920	12043	2687	
2005	11359	13922	12054	2683	
2006	11360	13922	12051	2677	
2007	11361	13918	12051	2678	
2008	11361	13914	12050	2681	
2009	11360	13917	12053	2685	
2010	11360	13926	12050	2680	
2011	11357	13922	12046	2678	
2012	11358	13922	12049	2680	
2013	11359	13923	12047	2685	
2014	11359	13919	12052	2680	
2015	11359	13926	12045	2678	
2016	11358	13918	12041	2680	
2017	11359	13923	12049	2671	
2018	11363	13924	12044	2676	
2019	11357	13924	12050	2675	
2020	11364	13918	12050	2672	
2021	11365	13916	12049	2675	
2022	11360	13923	12049	2672	
2023	11360	13927	12043	2673	
2024	11359	13921	12047	2677	
2025	11365	13919	12052	2671	
2026	11366	13917	12044	2669	
2027	11360	13919	12046	2673	
2028	11359	13923	12041	2671	
2029	11360	13926	12047	2674	
2030	11363	13921	12048	2676	
2031	11365	13918	12050	2672	
2032	11363	13920	12054	2675	
2033	11361	13927	12052	2671	
2034	11361	13921	12043	2674	
2035	11362	13919	12045	2678	
2036	11366	13924	12050	2667	
2037	11365	13926	12050	2670	
2038	11364	13923	12046	2671	
2039	11369	13920	12045	2672	
2040	11365	13919	12045	2670	
2041	11364	13923	12046	2668	
2042	11362	13922	12051	2668	
2043	11362	13922	12049	2671	
2044	11364	13918	12051	2669	
2045	11363	13925	12052	2671	
2046	11363	13920	12051	2665	
2047	11368	13924	12047	2665	
2048	11368	13921	12044	2661	
2049	11365	13924	12049	2655	
2050	
2051	
